step,forward_ms,backward_ms,optimizer_ms
1.0,574.5286173333333,155.714691,122.56791
2.0,9.238641666666666,20.50312,1.6875030000000002
3.0,9.097289,20.366322,1.6344820000000002
4.0,9.304119333333333,20.374232000000003,1.6850526666666668
5.0,9.036445333333333,20.302080999999998,1.632782
6.0,8.976998,20.290261,1.6360453333333334
7.0,9.027261999999999,20.333331666666666,1.6296016666666666
8.0,9.057922666666668,20.481796666666668,1.6350486666666668
9.0,9.138933333333332,20.21072666666667,1.626682
10.0,9.221064666666665,20.443266333333334,1.6330153333333335
11.0,9.153860333333334,20.15637266666667,1.6346686666666665
12.0,10.062602666666665,20.023184,1.6383056666666664
13.0,9.039945666666666,20.069201000000003,1.6268753333333332
14.0,9.058845666666668,20.086981333333334,1.6228586666666667
15.0,9.079993,20.151485666666666,1.7111600000000002
16.0,9.09309,20.175089,1.6410126666666667
17.0,9.106476666666666,20.18153266666667,1.6313453333333332
18.0,9.021125333333332,20.051011,1.6286553333333333
19.0,9.053612666666668,20.094038666666666,1.6289116666666665
20.0,9.051109333333335,20.099328333333332,1.6175586666666668
21.0,9.206888,20.038674,1.6723293333333336
22.0,9.107076,20.038501,1.6476623333333336
23.0,9.12686,20.127454999999998,1.6476153333333334
24.0,9.206800666666666,20.20687633333333,1.6490593333333334
25.0,9.089673333333334,20.20948633333333,1.6479326666666667
26.0,9.141076333333332,20.216176666666666,1.640096
27.0,9.198718,20.277007333333334,1.642178666666667
28.0,9.102343,20.208500333333333,1.6432753333333334
29.0,9.141720333333332,20.280970333333332,1.8158746666666667
30.0,9.109399333333334,20.241650333333332,1.6547256666666668
31.0,9.037978666666666,20.161092666666665,1.6489453333333335
32.0,8.922774333333335,20.011440333333336,1.6308656666666668
33.0,8.920890333333334,19.942916333333333,1.6485856666666665
34.0,8.923844,20.139622000000003,1.6550123333333335
35.0,8.944734,19.978026666666665,1.6457026666666668
36.0,8.878856666666666,20.009900333333334,1.6543323333333333
37.0,8.847632666666668,20.021933666666666,1.6584026666666667
38.0,8.978107999999999,20.065354333333335,1.6488526666666665
39.0,8.993588,20.087701,1.6613623333333332
40.0,9.196677000000001,20.31931133333333,1.6418626666666665
41.0,9.168704333333332,20.250853333333332,1.6519926666666667
42.0,9.156264,20.23145033333333,1.6503986666666668
43.0,9.14116,20.311901,1.6461620000000001
44.0,9.093356333333332,20.230336666666663,1.6416756666666668
45.0,9.064148666666666,20.169586333333335,1.6467223333333336
46.0,9.036512666666667,20.173088666666665,1.6502926666666664
47.0,8.941831,20.150578999999997,1.6456056666666665
48.0,8.87885,20.033663999999998,1.6358286666666668
49.0,8.815516333333333,19.956606333333337,1.6422853333333334
50.0,8.906440666666667,20.076631333333335,1.6500093333333334
51.0,9.014239333333334,20.136985,1.6421256666666668
52.0,9.006988666666667,20.154629,1.6640923333333333
53.0,9.070276,20.189402666666666,1.6425853333333331
54.0,9.133920333333334,20.22028333333333,1.6509656666666668
55.0,9.188057666666667,20.30188766666667,1.6539763333333333
56.0,9.174270666666667,20.438329999999997,1.6472956666666667
57.0,9.166803666666667,20.460166333333337,1.6751826666666665
58.0,9.200508,20.262100333333333,1.6488889999999998
59.0,9.156837000000001,20.188689333333333,1.6501726666666665
60.0,9.100473000000001,20.167709000000002,1.6454393333333333
61.0,9.039772333333334,20.213456333333337,1.632192
62.0,9.002685333333334,20.143402,1.6350053333333332
63.0,8.946507,20.159785666666664,1.741034
64.0,8.988381333333333,20.07835833333333,1.635702
65.0,8.912747333333334,20.168376,1.6912793333333334
66.0,8.901277,20.06030133333333,1.6456686666666667
67.0,8.929194,20.041617666666664,1.6526086666666666
68.0,8.942587,20.040961,1.6472223333333333
69.0,8.917934333333333,19.905808333333336,1.6406786666666668
70.0,8.933724,19.93364933333333,1.6412923333333334
71.0,9.012248333333334,19.92435933333333,1.656809
72.0,9.084289333333333,20.129706,1.636008333333333
73.0,9.073569,19.990916666666667,1.6306186666666667
74.0,9.108099999999999,20.154325333333333,1.6331490000000002
75.0,9.186498,20.120338333333333,1.6302553333333334
76.0,9.192231,20.119048,1.6274856666666668
77.0,9.150923,20.217980333333333,2.501834
78.0,9.144027,20.057261,1.6319353333333335
79.0,9.148693666666667,20.260164,1.6296350000000002
80.0,9.112036333333334,20.18617233333333,1.634775333333333
81.0,9.045288999999999,20.20481,1.630235
82.0,8.993481000000001,20.164106666666665,1.6937993333333334
83.0,8.918564,19.999129999999997,1.637602
84.0,8.848019666666668,19.987280000000002,1.6709893333333332
85.0,8.854159666666666,20.063094333333336,1.6325156666666667
86.0,8.928277333333334,19.97153,1.6256683333333333
87.0,8.894497,19.944589333333333,1.6323553333333332
88.0,8.869879666666668,20.007884,1.617555
89.0,8.941747666666666,20.120799,1.630655
90.0,9.004578,20.174706333333333,1.6355250000000001
91.0,9.047252,20.272494333333338,1.6313753333333334
92.0,9.113113666666665,20.200003,1.6400723333333334
93.0,9.136936333333333,20.267810333333333,1.634725666666667
94.0,9.207470666666666,20.28885733333333,1.6325593333333333
95.0,9.131070333333334,20.291183999999998,1.6227953333333334
96.0,9.088146,20.156001999999997,1.6344753333333333
97.0,9.055309333333334,20.110581333333332,1.625889
98.0,9.067579,20.072841333333333,1.6322686666666666
99.0,9.100883,20.222446666666666,1.6366286666666667
100.0,9.166913666666666,20.249583333333334,1.6344423333333333
101.0,9.131456333333333,20.129939333333336,1.6420026666666667
102.0,9.125860333333334,20.200293,1.637789
103.0,9.165517333333334,20.139925666666667,1.6344653333333332
104.0,9.107006333333333,20.114968666666666,1.624322
105.0,9.161540666666667,20.170149,1.6330453333333335
106.0,9.118666666666668,20.098595,1.622585
107.0,9.09318,20.16646533333333,1.6230653333333331
108.0,9.041872,20.093898333333332,1.6298386666666664
109.0,8.989561333333333,19.997393666666667,1.6536226666666665
110.0,9.028202333333335,20.06856133333333,1.6317286666666666
111.0,9.033589000000001,20.016160333333332,1.6399086666666667
112.0,9.188104000000001,20.325325,1.7136563333333334
113.0,9.025118333333333,20.194969999999998,1.6335986666666666
114.0,8.942397999999999,20.114878,1.6267423333333333
115.0,8.914001,20.145155666666668,1.8695519999999999
116.0,9.116979666666667,20.22096,1.6203886666666667
117.0,9.043239000000002,19.972080000000002,1.635502
118.0,9.112946333333333,20.059828,1.6276653333333335
119.0,9.111100333333333,20.194402666666665,1.630745
120.0,9.131146666666666,20.099628333333335,1.6524456666666667
121.0,9.157600333333333,20.218263000000004,1.6493223333333333
122.0,9.214321333333332,20.278674333333335,1.627122
123.0,9.124463,20.151625999999997,1.6219916666666665
124.0,9.125026666666665,20.211906333333335,1.6278016666666666
125.0,9.089662666666667,20.242794,1.6394783333333331
126.0,9.029168666666665,20.182252666666667,1.704353
127.0,8.986311666666667,20.058114333333332,1.6239420000000002
128.0,8.903347,20.094178,1.6252653333333331
129.0,8.946721,20.048741333333336,1.6483953333333332
130.0,8.998231666666667,20.15616233333333,1.6271783333333334
131.0,9.038105333333334,20.219503,1.6303286666666665
132.0,9.048071666666667,20.21983033333333,1.6360219999999999
133.0,9.181621,20.271754,1.6319356666666665
134.0,9.105499333333334,20.238730333333333,1.6341216666666665
135.0,9.141467,20.293317666666667,1.6296523333333333
136.0,9.055968666666667,20.09359533333333,1.6388983333333336
137.0,9.109493333333333,20.22724633333333,1.632212
138.0,9.035855666666667,20.064124666666668,1.691546
139.0,9.051942666666667,20.254424,1.6426923333333334
140.0,9.119176666666668,20.166089333333332,1.643322333333333
141.0,9.169451,20.163915666666668,1.640062333333333
142.0,9.180567333333334,20.125678333333337,1.6862733333333333
143.0,9.188028000000001,20.18290933333333,1.6324316666666665
144.0,9.159256666666668,20.163469666666668,1.6301286666666666
145.0,9.13861,20.079661666666667,1.6230683333333333
146.0,9.008271666666667,20.079348333333336,1.6280453333333336
147.0,9.040318666666666,20.008587000000002,1.6180620000000001
148.0,9.000235333333332,19.925355666666665,1.6388026666666669
149.0,8.951587666666667,19.97537966666667,1.6344816666666666
150.0,8.940714333333334,19.946909333333334,1.624879
151.0,8.889374000000002,19.962569666666667,1.6394190000000002
152.0,8.923454,19.95693633333333,1.6252653333333331
153.0,8.935364333333334,19.822138,1.6371123333333333
154.0,9.030709,20.005740333333335,1.6315316666666666
155.0,9.068553,20.087357666666666,1.630019
156.0,9.168660666666666,20.370495666666667,1.6473616666666668
157.0,9.156757333333333,20.205692666666668,1.6367523333333331
158.0,9.124173666666666,20.20754966666667,1.6342489999999998
159.0,9.068132666666665,20.124351666666666,1.6382853333333334
160.0,9.028575333333334,20.009797333333335,1.6280486666666667
161.0,9.016091999999999,20.078354333333333,1.6429823333333333
162.0,9.076312666666666,20.061190999999997,1.6184619999999998
163.0,8.858169333333333,19.855054999999997,1.6296253333333333
164.0,8.811822333333332,19.843791333333332,1.6305686666666668
165.0,8.753418000000002,19.753733666666665,1.6250486666666666
166.0,8.89412,19.982873333333334,1.6308420000000001
167.0,8.908743666666668,20.035134666666664,1.6291353333333332
168.0,8.894737333333333,20.021353666666666,1.6266616666666665
169.0,9.077893,20.164655333333332,1.6286553333333333
170.0,9.061028666666667,20.067998,1.6445523333333334
171.0,9.050938666666667,20.082988333333333,1.6401519999999998
172.0,9.016141666666668,20.046497666666667,1.6387523333333334
173.0,9.102,20.085134666666665,1.629709
174.0,9.038908666666666,19.95889,1.635172
175.0,8.989978333333333,19.976743333333335,1.6338823333333332
176.0,8.975088,19.928276,1.6314659999999999
177.0,8.958341,20.005947,1.6348886666666667
178.0,9.093276333333334,20.134004666666666,1.6298756666666667
179.0,9.025068333333335,20.072954,1.622925333333333
180.0,9.087536,20.058908,1.6259556666666668
181.0,8.968585,19.971996666666666,1.6314186666666668
182.0,8.930004,19.839248333333334,1.6238153333333336
183.0,8.920804,20.001850333333334,1.6256416666666667
184.0,8.895123666666667,19.949892666666667,1.6238083333333335
185.0,8.869159666666667,19.970006666666666,1.6227583333333335
186.0,8.812915666666667,19.822161333333334,1.6276149999999998
187.0,8.960894333333334,19.928092666666668,1.6266853333333333
188.0,8.911383666666666,19.962553333333336,1.6243683333333336
189.0,9.024415333333334,19.90336566666667,1.6198126666666666
190.0,9.000311666666667,20.071314333333333,1.6306853333333333
191.0,8.999401666666666,20.028611,1.6344416666666666
192.0,9.152273666666666,20.204449666666665,1.628732
193.0,9.117416666666665,20.069841333333333,1.6216653333333333
194.0,8.986868333333332,19.979933666666668,1.6306316666666667
195.0,8.929840666666665,20.073787666666664,1.6262990000000002
196.0,8.912236666666667,19.890042666666663,1.6502056666666667
197.0,8.954384333333334,19.970029999999998,1.6329786666666666
198.0,9.023501666666666,20.073307666666665,1.6312090000000001
199.0,8.961354666666667,19.899902666666666,1.6284286666666665
200.0,8.999175333333334,20.082928,1.642549
201.0,8.957367333333332,20.020947333333336,1.6291719999999998
202.0,8.973341666666666,20.139011666666665,1.7874906666666666
203.0,8.919137333333333,20.036134333333333,1.6257853333333332
204.0,8.88944,19.929489333333333,1.6351019999999998
205.0,8.867339666666668,19.859538333333337,1.6193716666666667
206.0,8.885903666666668,19.999186999999996,1.6396786666666667
207.0,9.022712333333333,20.061384,1.6370190000000002
208.0,9.117889333333332,19.98701033333333,1.6319753333333333
209.0,9.165140666666668,20.21901,1.627205
210.0,9.076662666666666,19.925419333333334,1.6328986666666667
211.0,9.124539666666665,20.139692,1.6370283333333333
212.0,9.089523,20.033854333333334,1.6340449999999997
213.0,9.038339333333333,20.172749333333332,1.6364286666666665
214.0,8.985258333333334,20.000739999999997,1.6203256666666668
215.0,8.949321,20.051970999999998,1.623268666666667
216.0,8.973867666666665,19.94973966666667,1.628502
217.0,8.871836666666667,19.991453333333336,1.6215016666666664
218.0,8.821479333333334,19.902439,1.6293553333333335
219.0,8.927700666666667,19.977626666666666,1.630609
220.0,8.878993,19.885622,1.6301283333333334
221.0,8.871233333333334,19.889731666666666,1.6418356666666665
222.0,8.898246333333333,19.895325666666665,1.628662
223.0,9.042042333333335,20.034744333333336,1.6332586666666664
224.0,9.038451666666667,20.085434666666664,1.6330856666666669
225.0,9.053775333333334,20.116849,1.635152
226.0,10.037798666666665,20.134902333333333,1.6425086666666668
227.0,9.014864999999999,19.910022333333334,1.6507523333333334
228.0,9.066542666666665,20.008213666666666,1.6243283333333334
229.0,9.040692000000002,19.979453333333332,1.632915
230.0,9.026625333333334,20.075078333333334,1.619822
231.0,8.921810666666666,19.912485,1.630706
232.0,8.928653666666667,19.860888666666668,1.6212216666666668
233.0,8.85121,19.85128166666667,1.618925
234.0,8.867946000000002,20.003603666666667,1.6493753333333332
235.0,8.966638333333334,19.99882,1.6848493333333334
236.0,9.110526333333333,20.17147866666667,1.6238849999999998
237.0,9.025238666666667,20.217446666666664,1.6298956666666669
238.0,8.987281333333334,20.115669,1.6334016666666666
239.0,9.017281666666667,20.072431333333338,1.6217853333333334
240.0,8.969577999999998,20.000860333333335,1.6409753333333335
241.0,8.977081333333333,20.044090999999998,1.6264853333333333
242.0,9.005522000000001,20.111778333333334,1.6389953333333331
243.0,9.021265333333332,20.072108,1.6366523333333334
244.0,9.119523666666666,20.09392466666667,1.6347886666666664
245.0,9.038365,20.118951999999997,1.6241653333333332
246.0,8.975338333333333,19.926882333333335,1.6203583333333331
247.0,8.993078333333335,20.006353666666666,1.6121416666666668
248.0,8.933087333333333,19.932932666666666,1.6303023333333335
249.0,8.943704666666667,20.052837,1.6313756666666668
250.0,9.012585333333334,20.088058333333336,1.6255516666666667
251.0,8.978247666666666,19.90488566666667,1.6325186666666667
252.0,8.978151333333331,20.04284766666667,1.6304186666666667
253.0,8.981471333333332,20.02574733333333,1.6315123333333332
254.0,8.957731333333333,19.960579666666668,1.6319123333333334
255.0,8.949451666666667,20.016977,1.6322719999999997
256.0,8.972984666666667,20.054667333333335,1.6275983333333333
257.0,9.023775666666667,20.057507333333334,1.6203886666666667
258.0,8.994148333333333,20.035043666666667,1.6385759999999998
259.0,9.033265333333333,20.818527666666665,1.629626
260.0,9.005712,20.130458666666666,1.630285
261.0,8.919813666666668,19.987070666666668,1.6301116666666668
262.0,8.964321333333332,20.004353666666667,1.6323983333333334
263.0,8.930967333333333,19.95420633333333,1.6322889999999999
264.0,9.136573333333333,20.204263333333333,1.6331223333333333
265.0,9.101929666666665,20.133338666666667,1.6315853333333334
266.0,9.096319666666668,20.220459666666667,1.6265853333333335
267.0,9.032228666666667,19.989886666666667,1.6210653333333331
268.0,8.996098666666667,20.089624666666666,1.6286453333333333
269.0,8.951921,20.139855333333333,1.626455
270.0,8.934294333333334,19.95295966666667,1.624575
271.0,8.960204666666668,20.050137,1.6332886666666664
272.0,8.922783666666666,19.982110666666667,1.6450286666666667
273.0,8.904164,19.883795,1.6740359999999999
274.0,8.933837666666667,19.982246666666665,1.6225323333333332
275.0,8.871396333333331,19.916869333333334,1.6359453333333331
276.0,8.859610000000002,19.887452,1.632322
277.0,8.918816999999999,19.977289666666668,1.6231856666666669
278.0,8.885343666666666,20.030034,1.629189
279.0,8.836122333333334,19.89490566666667,1.629018
280.0,8.959151666666665,20.03975733333333,1.6187783333333332
281.0,8.969831333333333,20.067894999999996,1.6319416666666668
282.0,8.986255,20.055554,1.6393056666666668
283.0,8.997917666666668,20.030300999999998,1.636852
284.0,9.020915333333333,20.035670666666665,1.6294456666666666
285.0,8.976824333333333,20.148086,1.6309490000000002
286.0,9.023981666666666,20.06271733333333,1.6262523333333334
287.0,9.175631,20.136368666666666,1.6378986666666666
288.0,9.113476333333333,20.061051000000003,1.6307856666666665
289.0,9.136147000000001,20.116025333333333,1.6329183333333335
290.0,9.084902333333332,20.058174666666666,1.6271286666666667
291.0,9.066779333333333,20.026273333333336,1.6289723333333332
292.0,9.058232666666667,20.095991333333334,1.6220283333333334
293.0,9.009715,20.04017466666667,1.6250583333333335
294.0,8.971747666666667,20.006511,1.6194050000000002
295.0,8.925634333333333,19.996713333333332,1.6173453333333334
296.0,8.879390333333335,19.961326666666668,2.4041456666666665
297.0,8.800118666666668,19.851842,1.6263786666666666
298.0,8.794088666666667,19.894149,1.6325656666666666
299.0,8.873510000000001,19.959202666666666,1.624742333333333
300.0,8.930677333333334,20.024607333333336,1.6201953333333332
301.0,9.057802333333333,20.071908,1.6322156666666665
302.0,9.091613333333333,20.181752666666668,1.6444353333333332
303.0,9.13342,20.202403,1.639292
304.0,9.207231,20.269274,1.6394149999999998
305.0,9.086946,20.20629266666667,1.7278740000000001
306.0,9.084002666666665,20.12485866666667,1.6319419999999998
307.0,9.028005,20.05365433333333,1.6229186666666664
308.0,9.007481666666665,20.107331333333335,1.6267723333333333
309.0,8.913670333333334,19.97933,1.6197553333333332
310.0,8.874053,19.988866666666667,1.6139986666666666
311.0,8.871753333333332,19.98664966666667,1.6273419999999998
312.0,8.85436,19.97655633333333,1.642739
313.0,9.004958666666667,20.106498666666667,1.641345
314.0,8.985705000000001,19.997429999999998,1.6292153333333335
315.0,9.023414666666667,20.10141833333333,1.6251790000000002
316.0,9.010661333333333,20.125795333333333,1.627962
317.0,9.094823,20.024040666666664,1.6178616666666665
318.0,9.095706,20.098078333333333,1.6247486666666668
319.0,9.118033333333333,20.17796266666667,1.6291953333333336
320.0,9.055362333333333,20.18008933333333,1.6355153333333334
321.0,9.078229333333333,20.246956666666666,1.6689226666666668
322.0,8.974007666666667,20.002083666666664,1.6246553333333331
323.0,8.878310333333333,19.881591999999998,1.6288786666666668
324.0,8.940757333333332,19.982463666666664,1.6162586666666667
325.0,8.996018333333332,20.07001466666667,1.6365423333333335
326.0,9.166044000000001,20.193269666666666,1.6336156666666666
327.0,9.022865333333334,20.086164666666665,1.6337816666666667
328.0,9.043749,20.081141666666667,1.6303149999999997
329.0,9.034792333333334,20.065110999999998,1.630045
330.0,9.037925666666666,20.034287333333335,1.6411923333333334
331.0,9.105059333333331,20.164279,1.6348223333333334
332.0,9.111936666666667,20.105355,1.632109
333.0,9.124236666666667,20.113775,1.6334516666666667
334.0,9.155153333333333,20.126072,1.625909
335.0,9.111533333333334,20.16996933333333,1.6301750000000002
336.0,9.092903333333332,20.163729,1.6237786666666665
337.0,9.077539,20.156278999999998,1.6183983333333334
338.0,9.013702333333333,20.040287333333332,1.6664623333333335
339.0,8.975261000000001,20.136048666666667,1.6131156666666666
340.0,8.902446666666666,20.04355766666667,1.636452
341.0,8.914977,20.032140666666667,1.6259456666666665
342.0,8.945134333333334,20.069298,1.6356723333333332
343.0,8.947764666666666,20.028910333333332,1.6164653333333334
344.0,8.893103666666667,19.963866666666664,1.6176616666666668
345.0,9.041892333333335,20.108218333333333,1.6233153333333332
346.0,8.985325000000001,20.091974666666662,1.6272356666666667
347.0,9.003658,20.053304333333333,1.634779
348.0,9.051623,20.12215833333333,1.6225019999999999
349.0,9.035805333333334,20.053278000000002,1.6282483333333333
350.0,9.057932666666668,20.021447,1.631882
351.0,8.994248,20.067794333333335,1.6473553333333335
352.0,9.12632,20.131675333333334,1.6331753333333332
353.0,9.096183000000002,20.067654333333333,1.6354323333333334
354.0,9.118163,20.117172333333333,1.6218383333333335
355.0,9.090786,20.052734333333333,1.6266923333333334
356.0,9.028062,20.030294,1.621415
357.0,9.003915000000001,20.108857999999998,1.6160423333333334
358.0,8.8989,19.81798433333333,1.6289323333333332
359.0,8.944007666666666,20.038544333333334,1.6303453333333333
360.0,8.885823666666667,20.057880666666666,1.6201523333333334
361.0,8.981955,19.89071566666667,1.6251483333333334
362.0,8.797828666666666,19.880802,1.6232753333333332
363.0,8.866126,19.968580333333332,1.7071296666666667
364.0,8.993497999999999,19.985537333333333,1.677799
365.0,8.988508000000001,20.033780333333333,1.630649
366.0,9.164814,20.225149666666667,1.6386156666666667
367.0,9.336492999999999,20.186123,1.626339
368.0,9.131387000000002,20.061170999999998,1.628758333333333
369.0,9.130567000000001,20.155098999999996,1.6398090000000003
370.0,9.153769666666667,20.207723333333334,1.6195783333333333
371.0,9.087449666666666,20.10773466666667,1.6194119999999999
372.0,9.177634,20.169939333333332,1.6208883333333333
373.0,9.046415333333334,20.118168333333333,1.6223486666666667
374.0,8.984298333333333,20.037650666666664,1.6252656666666667
375.0,8.944530333333333,20.042787999999998,1.6332786666666668
376.0,8.879286333333333,19.891369,1.6180753333333335
377.0,8.851293333333333,19.899542333333333,1.6268953333333334
378.0,8.829156333333334,19.793134,1.625489
379.0,8.770695000000002,19.896702333333334,1.617335
380.0,8.834296333333333,19.970683,1.627622
381.0,8.999467666666666,20.146946,1.622772
382.0,8.983005,20.16670566666667,1.631902
383.0,9.014708666666666,20.077325000000002,1.633402
384.0,9.093189666666667,20.145329,1.624712
385.0,9.079265999999999,20.147592333333332,1.642419
386.0,9.049428999999998,20.243994,1.6433419999999999
387.0,9.089529666666666,20.136692333333333,1.6273716666666669
388.0,9.049178666666668,20.164585666666667,1.630886
389.0,9.061143,20.01992,1.6293183333333332
390.0,9.002191666666667,20.108365,1.6306356666666666
391.0,8.971300999999999,19.910089333333335,1.6162353333333332
392.0,8.989061666666666,20.003164,1.6268086666666666
393.0,8.958768,20.07701133333333,1.6328856666666667
394.0,8.993368333333335,20.018547,1.6240553333333334
395.0,9.026968666666667,19.988673333333335,1.6365556666666665
396.0,9.031568666666667,20.035227333333335,1.6358753333333336
397.0,9.104792666666667,20.16117566666667,1.6262123333333331
398.0,9.125133333333334,20.229179666666667,1.6311419999999999
399.0,9.071635333333335,20.129232666666667,1.630395
400.0,9.10649,20.209486666666667,1.6375453333333334
401.0,9.059536,19.965803,1.634972333333333
402.0,9.029625000000001,20.169599,1.6223986666666665
403.0,9.003275,20.100014666666667,1.627892
404.0,9.017288666666666,20.038831,1.617895
405.0,8.955524666666667,20.052640666666665,1.6296853333333334
406.0,8.933154,19.96219,1.6188250000000002
407.0,8.905063333333333,20.052204666666665,1.6197586666666668
408.0,8.827736000000002,20.018930333333333,1.6184713333333332
409.0,9.004472,20.00617,1.6362056666666664
410.0,8.87736,19.908122333333335,1.6346023333333335
411.0,8.893086666666667,19.876265,1.645039
412.0,8.902047,20.014927,1.6451286666666667
413.0,8.978214666666666,20.062814666666668,1.6365486666666669
414.0,9.122573000000001,20.174736333333332,1.6338586666666668
415.0,9.167571,20.119731666666667,1.6241089999999998
416.0,9.183944333333331,20.141182,1.6314753333333332
417.0,9.178851,20.158308666666667,1.6203216666666667
418.0,9.150847,20.09267133333333,1.6474060000000001
419.0,9.118723000000001,20.269931,1.630752
420.0,9.014068666666667,20.095564666666665,1.6182786666666666
421.0,8.996255,19.968570000000003,1.624402
422.0,9.001048333333333,20.002860333333334,1.6316286666666666
423.0,8.972031333333334,20.087508,1.6299720000000002
424.0,8.968531,20.019043999999997,1.6231753333333332
425.0,8.918807,19.966046666666667,1.630795
426.0,8.898930666666667,19.995769999999997,1.6277956666666666
427.0,8.961774333333333,20.009817333333334,1.6299086666666665
428.0,9.083936000000001,20.183743,1.6244723333333333
429.0,9.150129999999999,21.110158666666667,1.6411689999999999
430.0,9.167150666666666,20.118505333333335,1.6177486666666667
431.0,9.196547666666666,20.014846666666667,1.6376223333333335
432.0,9.234961,20.137285333333335,1.6311290000000003
433.0,9.122526666666667,20.182919333333334,1.6346086666666666
434.0,9.158773666666667,20.079698333333337,1.6299083333333335
435.0,9.12684,20.107515,1.6203156666666667
436.0,9.118753333333332,20.277344333333335,1.6338986666666664
437.0,9.084673,20.161802666666667,1.6244083333333332
438.0,9.058785333333333,20.137489000000002,1.636252
439.0,8.960287333333333,20.176356333333334,1.623702
440.0,8.913297,20.034027666666663,1.6290216666666666
441.0,8.848129666666667,20.022153666666668,1.6251719999999998
442.0,8.810242666666667,19.879935,1.624562
443.0,8.830222666666666,19.90034233333333,1.629092
444.0,8.837439666666667,20.039044,1.6255690000000003
445.0,8.961927666666666,20.106842,1.6295483333333334
446.0,9.078202333333335,20.146645333333336,1.6417089999999999
447.0,9.068342333333334,20.193632333333333,1.6338886666666665
448.0,9.052328666666666,20.053754666666666,1.6279816666666669
449.0,9.126077333333335,20.165398999999997,1.626875
450.0,9.186217333333333,20.270114000000003,1.656409
451.0,9.134496666666665,20.155882333333334,1.6321956666666668
452.0,9.124476666666666,20.28140433333333,1.6220786666666667
453.0,9.074076,20.142129,1.6246223333333332
454.0,8.980721666666668,20.010496666666665,1.6224253333333334
455.0,8.955897333333334,19.966353333333334,1.6230686666666667
456.0,8.922674,20.069758000000004,1.6151116666666667
457.0,8.901073666666667,19.913142333333333,1.6326086666666668
458.0,8.912180333333334,20.06186466666667,1.6160983333333334
459.0,8.845922666666667,20.001323666666668,1.6281856666666668
460.0,8.842409333333334,19.974806,1.6203520000000002
461.0,8.838479333333334,19.951859333333335,1.618932
462.0,8.986081333333333,20.055584666666665,1.6268783333333332
463.0,10.096449999999999,20.018680666666665,1.634035
464.0,8.967034666666668,19.975543666666667,1.626265
465.0,9.036615333333334,20.169892666666666,1.6708223333333334
466.0,9.060542,20.163692666666666,1.6265186666666667
467.0,9.184671333333334,20.335644333333335,1.6323623333333332
468.0,9.201067666666667,20.378465333333335,1.6411256666666667
469.0,9.066975666666666,20.197069666666668,1.620495
470.0,9.047685333333332,20.148322333333333,1.6259356666666667
471.0,9.011381666666667,20.023454333333333,1.6286216666666666
472.0,9.005825333333334,20.134832,1.6194453333333332
473.0,8.998348333333334,20.146658666666667,1.625272
474.0,9.012315000000001,20.21094,1.6231853333333335
475.0,8.994171333333332,20.133018333333336,1.6219019999999997
476.0,8.948180666666666,19.97679666666667,1.6317220000000001
477.0,8.898450333333335,19.919126000000002,1.6308783333333334
478.0,8.955511,19.89732866666667,1.6307893333333334
479.0,8.908113666666667,19.898552,1.622486
480.0,8.997162,20.158516000000002,1.633972
481.0,9.062959000000001,20.172869333333335,1.6323326666666667
482.0,9.071576,20.267977333333334,1.6423053333333335
483.0,9.021878666666668,20.154802,1.630162
484.0,9.008791333333333,20.100561666666664,1.6168853333333333
485.0,9.020465666666666,20.110367666666665,1.6763226666666666
486.0,8.984521333333333,20.114512,1.6766393333333334
487.0,8.966215,20.175085666666664,1.6299853333333332
488.0,9.046799,20.291787333333332,1.6283386666666668
489.0,9.055948666666668,20.171046,1.6300753333333333
490.0,9.068325666666667,20.299547333333333,1.6316119999999998
491.0,9.132266333333334,20.317244666666667,1.6310456666666664
492.0,9.114299666666666,20.192989666666666,1.629402
493.0,9.082249,20.099141666666664,1.6473563333333334
494.0,9.049316,20.127318666666667,1.6285886666666667
495.0,9.029938666666666,20.139599,1.619105
496.0,9.039602,20.228849999999998,1.7042363333333335
497.0,8.989558,20.208326666666665,1.633625
498.0,9.000528000000001,20.120141333333333,1.6339653333333335
499.0,8.89169,20.056307,1.6365826666666667
500.0,8.839329666666666,19.996416666666665,1.637109
501.0,8.875413,20.039991333333333,1.630765
502.0,9.070438666666666,20.164736,1.6326883333333333
503.0,9.083289666666666,20.298157333333336,1.6391723333333335
504.0,9.054895666666667,20.177159666666668,1.630752
505.0,8.999055333333333,20.117438333333336,1.7264533333333334
506.0,9.008698666666666,20.092235333333335,1.6285550000000002
507.0,9.026749,20.121598666666667,1.72703
508.0,9.069802666666668,20.112528333333334,1.633572
509.0,9.078625666666667,20.155162666666666,1.6239419999999998
510.0,9.099083,20.184139000000002,1.6408326666666666
511.0,9.182397333333334,20.365688666666667,1.6289253333333331
512.0,9.134377,20.219246333333334,1.6352989999999998
513.0,9.165410333333332,20.160293,1.6332653333333333
514.0,9.756222333333334,20.226190000000003,1.7800473333333333
515.0,9.104790333333334,20.253483333333335,1.625869
516.0,9.059225666666666,20.291737666666666,1.6229853333333335
517.0,9.001581666666667,20.103711,1.6318223333333333
518.0,8.968054666666667,20.078641333333334,1.6344086666666666
519.0,8.985081666666666,19.919522333333333,1.618555
520.0,9.164540333333333,20.192035999999998,1.6350449999999999
521.0,9.174204000000001,20.497873666666667,1.6303286666666665
522.0,9.174546999999999,20.27773433333333,1.6321786666666664
523.0,9.150196666666666,20.247027000000003,1.6610756666666664
524.0,9.103813,20.320431,1.6308253333333331
525.0,9.077013,20.278894,1.635352
526.0,9.018222,20.22807,1.6248620000000003
527.0,8.985338,20.16950266666667,1.635459
528.0,8.962697666666665,20.075225,1.629952
529.0,8.886303,20.017610666666666,1.6275883333333334
530.0,8.885330333333334,20.018804333333332,1.6344816666666666
531.0,8.861483,20.031760000000002,1.626049
532.0,8.889393666666665,20.050114,1.630342
533.0,9.008561666666667,20.116818666666667,1.638992
534.0,9.048518666666666,20.142579,1.6417456666666668
535.0,9.122086333333334,20.315851333333335,1.6237386666666669
536.0,9.066486,20.087038333333332,1.6333986666666667
537.0,9.081128999999999,20.168372666666667,1.6322726666666665
538.0,9.060949666666668,20.132631333333332,1.628955333333333
539.0,9.048448666666665,20.179509333333332,1.623552
540.0,9.003378,20.133065333333334,1.6360919999999999
541.0,8.984051666666666,20.236477333333337,1.636795
542.0,8.934947333333332,20.065260999999996,1.6339586666666666
543.0,8.918834333333335,20.029927333333333,1.621732
544.0,8.853472666666667,19.990707,1.6309156666666667
545.0,8.865976333333334,20.002773666666666,1.6375419999999998
546.0,9.052945666666666,20.235127000000002,1.627219
547.0,9.092643,20.161585666666667,1.6406123333333333
548.0,9.091513,20.259064000000002,1.6490386666666668
549.0,9.083319333333334,20.16571933333333,1.6367023333333333
550.0,9.092083,20.19042633333333,1.6212153333333335
551.0,9.035072333333334,20.156689333333333,1.6361086666666667
552.0,9.064275666666667,20.318454333333335,1.6292556666666667
553.0,9.14378,20.24028,1.6301723333333333
554.0,9.023322333333333,20.147885333333335,1.6274920000000002
555.0,9.013277666666667,20.018820666666667,1.6337226666666667
556.0,9.018628333333334,19.941432666666667,1.6254886666666666
557.0,9.072679333333333,20.26787733333333,1.6367953333333334
558.0,9.059932666666667,20.193285999999997,1.639526
559.0,9.072389333333334,20.191492999999998,1.6310353333333334
560.0,9.085122333333333,20.126065666666666,1.6305986666666668
561.0,9.125006666666666,20.040074,1.6664459999999999
562.0,9.074282666666667,20.264934,1.640512
563.0,10.037759,20.121472333333333,1.6415319999999998
564.0,9.071269333333333,20.185496333333333,1.6312253333333333
565.0,9.023375333333334,20.148049,1.6331223333333333
566.0,9.010962333333334,20.126435,1.6294389999999999
567.0,9.147543666666666,20.218956666666667,1.6392256666666667
568.0,9.227304666666667,20.336442,1.6348923333333332
569.0,9.225258,20.181085999999997,1.6413586666666669
570.0,9.164577333333334,20.273180333333332,1.6347023333333333
571.0,9.159893333333333,20.237827,1.6337553333333332
572.0,9.226031333333333,20.270623333333333,1.6319056666666667
573.0,9.189057333333333,20.176489333333333,1.6306023333333333
574.0,9.257885000000002,20.300491,1.6318886666666668
575.0,9.171167333333335,20.177376,1.6340923333333333
576.0,9.138873333333333,20.234953666666666,1.6392656666666667
577.0,9.194121333333333,20.137448666666668,1.6419156666666668
578.0,9.162910666666667,20.133308666666665,1.6386286666666665
579.0,9.186457333333333,20.234934,1.6365253333333332
580.0,9.189427333333333,20.278187333333335,1.6404356666666668
581.0,9.134726666666667,20.161002666666665,1.6290923333333334
582.0,9.120660333333333,20.28620433333333,1.627232
583.0,9.11722,20.21547633333333,1.6293786666666665
584.0,9.078269333333333,20.251530000000002,1.6294153333333334
585.0,9.016565666666667,20.231036666666668,1.6392953333333333
586.0,8.945287666666667,20.007107,1.619282
587.0,8.960574666666666,19.994276666666668,1.640452
588.0,8.982141,20.114835666666668,1.635052
589.0,8.942627333333334,20.150079333333334,1.6279216666666667
590.0,9.143380333333335,20.184749,1.6566926666666666
591.0,9.016168333333333,20.167475999999997,1.6373423333333335
592.0,8.946878,20.059534666666668,1.6365253333333334
593.0,8.964487666666667,20.146015333333334,1.6796993333333334
594.0,9.006548333333333,20.170379666666665,1.6559886666666668
595.0,9.055698999999999,20.141125333333335,2.3547586666666667
596.0,9.092836,20.234413333333332,1.6330223333333331
597.0,9.045952333333332,20.071698333333334,1.6381856666666668
598.0,9.123177,20.209813,1.6390453333333335
599.0,9.138793666666666,20.231116999999998,1.6285686666666666
600.0,9.185264,20.342061666666666,1.6361553333333332
601.0,9.117166333333332,20.272481000000003,1.6304886666666665
602.0,9.142413666666668,20.226803333333333,1.6342253333333332
603.0,9.113576666666665,20.209403,1.6399689999999998
604.0,9.159250333333333,20.27456766666667,1.6302183333333333
605.0,9.114462999999999,20.262307333333336,1.6268783333333332
606.0,9.048895333333332,20.183432999999997,1.6426393333333333
607.0,9.024272333333334,20.172935666666667,1.6386690000000002
608.0,9.003108666666668,20.127145,1.6445093333333334
609.0,8.925194000000001,19.972796666666664,1.620799
610.0,8.948734333333334,20.099511666666668,1.621995
611.0,8.932337333333335,19.944476,1.6281386666666666
612.0,8.946431000000002,20.052811000000002,1.6290216666666666
613.0,9.023295,20.189073,1.638662
614.0,9.026482,20.19774633333333,1.6419353333333333
615.0,9.008431666666667,20.22399366666667,1.6327486666666668
616.0,9.031239,20.218956333333335,1.6459256666666668
617.0,9.110472333333332,20.22778033333333,1.6362826666666666
618.0,9.096952666666665,20.300527666666667,1.6481390000000002
619.0,9.178300666666667,20.397059,1.633542
620.0,9.200770666666665,20.354628666666667,1.6398353333333333
621.0,9.162883666666666,20.154552,1.6380489999999999
622.0,9.127786666666667,20.237627,1.6415220000000001
623.0,9.114640333333334,20.182346,1.6288583333333333
624.0,9.115549666666666,20.043024333333335,1.6373490000000002
625.0,9.083572666666667,20.136091999999998,1.629399
626.0,9.103046666666666,20.039514,1.629662
627.0,9.057059,20.114538333333336,1.6237653333333333
628.0,9.083766,20.214383333333334,1.626139
629.0,9.096699333333333,20.173846,1.622539
630.0,9.116036666666666,20.29895433333333,1.6375423333333332
631.0,9.198591,20.616785000000004,1.6348426666666667
632.0,9.102739999999999,20.148442,1.6329753333333334
633.0,9.158083666666665,20.25994366666667,1.6561026666666667
634.0,9.092456333333333,20.123065,1.6399956666666666
635.0,9.075311666666666,20.171603333333334,1.6302986666666666
636.0,9.054452333333334,20.26027,1.634619
637.0,9.207684,20.211813333333335,1.7374406666666669
638.0,9.038729,19.96933633333333,1.6247986666666667
639.0,9.038175333333333,20.246017,1.6298389999999998
640.0,8.935024,19.973807000000004,1.6273786666666668
641.0,8.955811333333333,19.992400000000004,1.632295
642.0,8.912073666666666,20.090501333333332,1.6286086666666668
643.0,8.893980333333333,20.067237666666667,1.6294556666666669
644.0,8.933840333333334,20.107402333333333,1.633195
645.0,8.992534999999998,20.193709333333334,1.6342453333333333
646.0,9.300972666666667,20.382038666666666,1.6332086666666665
647.0,9.234625333333334,20.118391666666664,1.7141366666666666
648.0,9.123544,20.232726333333332,1.6315153333333334
649.0,9.100676333333332,20.231497333333333,1.6327083333333334
650.0,9.072269,20.225043000000003,1.6302923333333332
651.0,9.107573333333333,20.267357333333333,1.634622
652.0,9.190707666666666,20.208573,1.6452426666666666
653.0,9.139947,20.244804000000002,1.635245
654.0,9.085622666666666,20.157319,1.625919
655.0,9.071685666666665,20.11114166666667,1.6976793333333333
656.0,9.076766333333333,20.163612666666666,1.6226983333333334
657.0,8.971697666666666,20.152816,1.6236519999999999
658.0,8.933217333333333,20.004247000000003,1.646489
659.0,8.975018,20.075451,1.634622
660.0,8.958957666666667,20.195136666666667,1.6254583333333332
661.0,8.939950666666666,20.136785333333332,1.6283389999999998
662.0,8.975691333333332,20.177212666666666,1.639882
663.0,9.047142,20.220780333333334,1.637578666666667
664.0,9.277102333333334,20.258634,1.6401219999999999
665.0,9.120156666666666,20.233173333333337,1.6314923333333333
666.0,9.142650666666666,20.416492333333334,1.6466823333333334
667.0,9.141113333333333,20.291147666666664,1.640769
668.0,9.146943666666667,20.265340333333338,1.6470356666666666
669.0,9.094942666666666,20.250664,1.637899
670.0,9.073486333333333,20.14445866666667,1.6365683333333336
671.0,9.228527666666666,20.209022666666666,1.6401823333333334
672.0,9.016111666666667,20.178386,1.6414023333333334
673.0,9.043195333333333,20.398402333333333,1.635899
674.0,8.986644666666665,20.11414866666667,1.637935333333333
675.0,8.993788666666667,20.006593666666664,2.104165
676.0,8.993598,20.082455,1.6438156666666668
677.0,9.003811666666666,20.173902666666667,1.6367493333333334
678.0,9.114633333333334,20.164629,1.6426286666666667
679.0,9.128406333333333,20.270274,1.6385189999999998
680.0,9.130923333333334,20.386009,1.636152
681.0,9.176057333333333,20.262413999999996,1.6440719999999998
682.0,9.095516000000002,20.31368833333333,1.6382053333333335
683.0,9.101992666666666,20.20304666666667,1.6432083333333332
684.0,9.171900666666668,20.423022666666668,1.7092533333333335
685.0,9.10407,20.357525,1.6336886666666668
686.0,9.120579999999999,20.22257,1.629532
687.0,9.099526,20.305391,1.637859
688.0,9.087813333333333,20.249202999999998,1.6283386666666668
689.0,8.984981,20.20584666666667,1.638812
690.0,8.955037333333333,20.075295,1.6895030000000002
691.0,9.008004999999999,20.124795333333335,1.6434256666666667
692.0,9.046625333333333,20.157382333333334,1.6396926666666667
693.0,9.049299,20.113745666666667,1.6416756666666668
694.0,9.117789333333333,20.227673666666664,1.6370086666666666
695.0,9.224281666666664,20.299131,1.6452026666666668
696.0,9.229507666666667,20.357585333333333,1.637232
697.0,9.228808333333333,20.236667,1.631712
698.0,9.227084333333334,20.322498,1.6617389999999999
699.0,9.231678333333335,20.375742,1.637189
700.0,9.161380333333332,20.289621,1.6382623333333335
701.0,9.172361,20.341254666666668,1.6796293333333334
702.0,9.118015999999999,20.323991000000003,1.6320723333333333
703.0,9.062815666666667,20.154232333333336,1.636069
704.0,9.036602333333333,20.121389000000004,1.6724223333333335
705.0,9.017881666666668,20.186602666666666,1.624525
706.0,9.026312333333331,20.246007000000002,1.6281783333333333
707.0,8.986577666666667,20.197626666666668,1.6413823333333333
708.0,8.957264333333333,20.132772000000003,1.6375486666666668
709.0,8.976661333333332,20.251543666666667,1.640579
710.0,9.045518666666666,20.257607333333336,1.640119
711.0,9.012462,20.22749333333333,1.6291883333333335
712.0,9.019335,20.29171433333333,1.6386520000000002
713.0,9.1091,20.343348333333335,1.6414826666666666
714.0,9.12674,20.289240666666668,1.642066
715.0,9.060802,20.26028033333333,1.632839
716.0,9.110153333333335,20.160365666666667,1.6381086666666667
717.0,9.001038333333334,20.131478666666666,1.6399856666666668
718.0,9.016828666666667,20.190019333333336,1.637742
719.0,9.066702999999999,20.215746333333332,1.6318653333333335
720.0,9.210687666666667,20.339438333333334,1.6352886666666666
721.0,9.224328333333334,20.384558666666667,1.639602
722.0,9.235435,20.277344,1.6479123333333334
723.0,9.104066666666666,20.259176999999998,1.6281619999999999
724.0,9.138660333333334,20.239097,1.657729
725.0,9.185484,20.346781000000004,1.6347056666666668
726.0,9.208467333333333,20.33177166666667,1.6501659999999998
727.0,9.146084,20.188736000000002,1.6395993333333332
728.0,9.191975000000001,20.299114333333332,1.6447553333333333
729.0,9.129339666666667,20.206910333333337,1.6300549999999998
730.0,9.082312666666667,20.284074,1.6251356666666668
731.0,9.073298666666666,20.178506,1.6307790000000002
732.0,9.046555666666668,20.278777333333334,1.6317553333333332
733.0,9.075712333333334,20.23189066666667,1.6304653333333334
734.0,9.059365999999999,20.204559333333332,1.6303149999999997
735.0,9.040578666666667,20.325784666666667,1.6345286666666665
736.0,9.039261999999999,20.164642666666666,1.6314786666666665
737.0,9.025411666666665,20.187502666666663,1.6458960000000002
738.0,9.103709666666667,20.320041333333332,1.6380356666666664
739.0,9.078088999999999,20.267610333333334,1.6370953333333336
740.0,9.025838666666665,20.274494,1.6382486666666667
741.0,9.210238333333333,20.363611333333335,1.6454260000000003
742.0,8.992771666666668,20.144915333333334,1.6288953333333331
743.0,8.984491666666667,20.170922333333333,1.6522459999999999
744.0,9.004641666666666,20.244317,1.6400223333333332
745.0,8.945884999999999,20.095398,1.6364553333333332
746.0,8.927370666666667,20.107951666666665,1.6595093333333333
747.0,8.932063666666666,20.148279000000002,1.633165
748.0,9.044995333333333,20.299734333333333,1.6345053333333333
749.0,9.104109,20.260531,1.6415856666666668
750.0,9.093423333333334,20.245027,1.6365686666666666
751.0,9.100586333333334,20.128832,1.637532
752.0,9.119913333333335,20.342138,1.6478323333333333
753.0,9.184504333333333,20.332428333333333,1.6439286666666668
754.0,9.183473999999999,20.351685,1.6551953333333334
755.0,9.200747333333334,20.233186666666665,1.6447956666666668
756.0,9.158220333333334,20.274781,1.6439986666666666
757.0,9.170610333333334,20.336548666666665,1.6402590000000001
758.0,9.169600333333333,20.297387666666665,1.6388723333333335
759.0,9.207337666666666,20.342094666666668,1.6436626666666667
760.0,9.130052666666666,20.428493,1.6357956666666666
761.0,9.415770666666665,20.206199666666667,1.654826
762.0,9.149223666666666,20.337577999999997,1.6260456666666665
763.0,9.118990333333334,20.274990666666664,1.6320356666666667
764.0,9.206324333333335,20.390608999999998,1.6318416666666666
765.0,9.147664,20.213069666666666,1.6385193333333332
766.0,9.125526333333333,20.279111333333333,1.6413423333333335
767.0,9.063479,20.168779333333333,1.6930296666666667
768.0,9.056309,20.259289666666664,1.6235646666666665
769.0,9.032881666666666,20.098961666666668,1.634472
770.0,8.990701666666666,20.125618333333332,1.6389889999999998
771.0,8.991468,20.209376333333335,1.6446053333333335
772.0,9.022665333333334,20.254427000000003,1.6334583333333332
773.0,9.095106,20.266347333333332,1.637669
774.0,9.065409333333333,20.19366266666667,1.6380393333333334
775.0,9.123486666666667,20.271581,1.635995333333333
776.0,9.190578,20.304460666666667,1.6344423333333333
777.0,9.214175,20.388358666666665,1.6349686666666665
778.0,9.149300000000002,20.31514833333333,1.6416253333333335
779.0,9.187831000000001,20.34058466666667,1.6320886666666665
780.0,9.139733333333332,20.114955666666663,1.6763723333333334
781.0,9.173200333333334,20.279890666666667,1.6338883333333332
782.0,9.134046666666665,20.351642000000002,1.6418453333333334
783.0,9.251658,20.221436999999998,1.6274553333333335
784.0,9.064052333333334,20.159278999999998,1.6453689999999999
785.0,9.055235666666666,20.210083333333333,1.6329686666666667
786.0,9.495341666666667,20.088608,1.641882
787.0,9.024235,20.258817,1.6346753333333333
788.0,8.944587333333333,20.164885666666667,1.6306693333333335
789.0,8.990974666666666,20.225200333333333,1.644625666666667
790.0,8.963401333333334,20.246436666666668,1.6410856666666664
791.0,8.879483,20.010600666666665,1.6265850000000002
792.0,8.852096666666666,20.063861000000003,1.6333649999999997
793.0,8.878427,20.06952766666667,1.633062
794.0,8.909503666666666,20.136258666666667,1.6762696666666665
795.0,8.991967666666667,20.241877,1.6359683333333332
796.0,9.030231666666667,20.319578333333336,1.6443753333333335
797.0,9.216204333333332,20.483996666666666,1.6546123333333334
798.0,9.164560333333334,20.41545933333333,1.6425256666666666
799.0,9.135543666666667,20.385028666666667,1.6475193333333333
800.0,9.154433333333333,20.410402,1.6415426666666668
801.0,9.160347333333334,20.357295333333333,1.6483656666666668
802.0,9.115680333333334,20.31043766666667,1.6406553333333334
803.0,9.148166999999999,20.419396,1.6469093333333333
804.0,9.198703666666667,20.419186666666665,1.6414216666666668
805.0,9.137774,20.338037999999997,1.6434153333333335
806.0,9.237944666666666,20.338027999999998,1.6363523333333332
807.0,9.236004666666666,20.407469333333335,1.627725
808.0,9.173997333333334,20.399455666666668,1.6445686666666666
809.0,9.116519666666667,20.32526133333333,1.634239
810.0,9.045792333333333,20.15014533333333,1.6350686666666665
811.0,9.056549333333333,20.149309,1.6318253333333335
812.0,9.12439,20.171069,1.634712333333333
813.0,9.149110333333333,20.186092666666667,1.6330520000000002
814.0,9.201427666666666,20.449082999999998,1.6481856666666665
815.0,9.196058,20.437253000000002,1.6393583333333333
816.0,9.171317333333333,20.308954,1.6326423333333333
817.0,9.177476999999998,20.292251,1.6372520000000002
818.0,9.184564333333334,20.238326666666666,1.637512
819.0,9.10761,20.057571,1.6322986666666666
820.0,9.125906333333333,20.226306666666662,1.6267656666666666
821.0,9.100322666666667,20.169439333333333,1.6429883333333333
822.0,9.024898666666667,20.219309666666668,1.635759
823.0,8.967874666666667,20.22489366666667,1.6344653333333332
824.0,9.081449333333333,20.45567966666667,1.6441186666666667
825.0,9.180090333333332,20.362171666666665,1.6385356666666666
826.0,9.148790666666669,20.285623666666666,1.6749693333333333
827.0,9.147433666666666,20.277183666666666,1.6911366666666667
828.0,9.038719,20.15305566666667,1.6384956666666666
829.0,9.011875,20.242350666666667,1.6325516666666668
830.0,9.047855666666665,20.297157666666667,1.6470523333333336
831.0,9.153237,20.325618000000002,1.6495593333333332
832.0,9.167300666666668,20.355821333333335,1.656442
833.0,9.165287666666666,20.365261666666665,1.6489853333333333
834.0,9.180434,20.376498,1.6390086666666666
835.0,9.178637333333333,20.408716333333334,1.6351886666666668
836.0,9.194443999999999,20.415936,1.6334953333333333
837.0,9.218931666666668,20.320368,1.641642
838.0,9.215717666666665,20.37583533333333,1.632872
839.0,9.192874333333334,20.241553333333332,1.6386856666666667
840.0,9.182204333333333,20.268507666666668,1.6320983333333334
841.0,9.130970666666665,20.237896333333335,1.642269
842.0,9.112079,20.225040666666665,1.6343420000000002
843.0,9.107659333333334,20.234956999999998,1.6359256666666668
844.0,9.078552666666667,20.22332666666667,1.6318723333333331
845.0,9.074886000000001,20.23162333333333,1.6333986666666664
846.0,9.045045333333332,20.255167,1.6458220000000001
847.0,9.067959,20.188852666666666,1.6360553333333332
848.0,9.057232999999998,20.245857,1.6361186666666665
849.0,9.043808666666665,20.164882666666667,1.6353353333333336
850.0,9.136806666666667,20.287160666666665,1.638249
851.0,9.162427,20.359268999999998,1.645505
852.0,9.312122333333333,20.371948,1.6366490000000002
853.0,9.213633999999999,20.319135,1.6408453333333333
854.0,9.274652333333334,20.306904333333332,1.6423189999999999
855.0,9.212978,20.332078,1.6400956666666666
856.0,9.243788666666667,20.399789,1.6957096666666667
857.0,9.201661,20.312600999999997,1.6486023333333335
858.0,9.248064999999999,20.386032,1.6327986666666667
859.0,9.168694,20.295287666666667,1.6323656666666666
860.0,9.219944333333332,20.410809,1.644359
861.0,9.170230666666667,20.377822333333334,1.6376386666666667
862.0,9.179521,20.24313666666667,1.630642
863.0,9.233044333333332,20.28274133333333,1.6619156666666666
864.0,9.060339,20.212283333333335,1.6526826666666665
865.0,8.994595333333335,20.269113666666666,1.6496390000000003
866.0,8.993141666666668,20.147079,1.6341716666666664
867.0,9.007615333333334,20.293207666666664,1.6370383333333332
868.0,9.024765333333333,20.238680000000002,1.6373689999999999
869.0,9.103277,20.410562000000002,1.6406823333333334
870.0,9.108846333333334,20.36612866666667,1.6334323333333334
871.0,9.088679666666668,20.349838000000002,1.636192
872.0,9.080549333333332,20.325961333333336,1.631689
873.0,9.088702666666668,20.266924,1.647392
874.0,9.09709,20.261617,1.6340890000000001
875.0,9.083642666666668,20.318211666666667,1.6408483333333332
876.0,9.099266,20.374155333333334,1.630739
877.0,9.175927333333332,20.378842333333335,1.6440416666666666
878.0,9.113293333333333,20.206396333333334,1.6421986666666666
879.0,9.022028666666666,19.939229333333333,1.645759
880.0,9.109623,20.162662333333333,1.6706526666666666
881.0,8.982734666666666,20.078598,1.649409333333333
882.0,8.899276666666665,19.854195,1.6342356666666664
883.0,8.960421,20.096822,1.634832
884.0,8.987561666666666,20.156559,1.6396593333333334
885.0,8.948207333333334,20.092048000000002,1.6410893333333334
886.0,8.968308,20.119085333333334,1.8177113333333335
887.0,8.936451,19.966103,1.6413353333333334
888.0,9.078963,20.29010033333333,1.6350516666666668
889.0,9.006558333333333,20.242406666666668,1.632669
890.0,8.886213,19.961223333333333,1.6351723333333332
891.0,9.144930666666665,19.988763666666667,1.6366386666666666
892.0,8.86125,20.027233666666664,1.6287356666666666
893.0,8.858682666666667,20.05898433333333,1.6342456666666667
894.0,8.942881000000002,20.193406,1.6368453333333333
895.0,9.088332333333334,20.270100666666668,1.641316
896.0,9.049295666666666,20.303481,1.6332316666666669
897.0,9.028478999999999,20.292327333333333,1.649032
898.0,9.014621666666667,20.151002333333334,1.6333786666666665
899.0,9.045029000000001,20.156912333333334,1.6513323333333334
900.0,9.119436333333335,20.413426333333334,1.6410786666666664
901.0,9.093012333333334,20.183386,1.6552193333333332
902.0,9.139320333333332,20.113145333333335,1.6863529999999998
903.0,9.141700333333333,20.158845666666668,1.662742
904.0,9.236634666666667,20.325088333333337,1.6516356666666667
905.0,9.122386666666666,20.219603666666668,1.6404886666666665
906.0,9.015862333333333,20.185822666666667,1.6417556666666666
907.0,8.970168000000001,20.151978666666665,1.6320556666666668
908.0,8.977338,20.138805666666666,1.6498356666666665
909.0,9.059989,20.142452333333335,1.635468666666667
910.0,9.0978,20.284687,1.6435353333333333
911.0,9.053909333333332,20.216999666666666,1.6436956666666667
912.0,9.064602666666666,20.233966666666664,1.6444656666666668
913.0,9.090242666666667,20.315021333333334,1.6369153333333333
914.0,9.145713666666667,20.337571333333333,1.647089
915.0,9.027135333333334,20.176259333333334,1.6432586666666669
916.0,9.009038333333333,20.174612333333332,1.6358656666666667
917.0,8.975394666666668,20.101688333333332,1.6369023333333332
918.0,8.989864666666668,20.044067666666667,1.6412823333333335
919.0,9.023158666666667,20.264267333333333,1.636992
920.0,8.990924999999999,20.31368833333333,1.6420986666666666
921.0,9.011435,20.282877333333335,1.6374556666666666
922.0,9.044498666666666,20.292584,1.6435226666666665
923.0,8.973488,20.270637333333337,1.638952
924.0,9.038628666666666,20.288411,1.6367353333333334
925.0,9.042665333333332,20.247137,1.635832
926.0,9.129436,20.19948266666667,1.6477056666666667
927.0,9.166550666666668,20.361255333333332,1.634455
928.0,9.065696,20.343778,1.6409190000000002
929.0,8.935127666666666,20.138115666666668,1.6443323333333335
930.0,8.882533666666665,20.162289,1.6326353333333332
931.0,8.926020333333332,19.956756,1.7296336666666665
932.0,9.092553,20.361892333333333,1.653875
933.0,9.049655666666666,20.217733,1.639215
934.0,9.000781333333334,20.16561533333333,1.6382626666666666
935.0,8.969721333333334,20.069658,1.6330423333333333
936.0,8.959181000000001,19.930123,1.6447956666666668
937.0,9.070196000000001,20.179572333333333,1.6739899999999999
938.0,9.018278333333333,19.88906233333333,1.6371720000000003
939.0,9.098006666666667,20.137389,1.6478586666666668
940.0,9.066633,20.217682999999997,1.678623
941.0,9.048378999999999,20.059518,1.6398583333333334
942.0,9.072199666666664,20.373148666666665,1.6408319999999998
943.0,9.180414,20.327511666666666,1.6434953333333333
944.0,9.152573666666667,20.398715666666664,1.6510956666666665
945.0,9.192537333333332,20.376845333333332,1.6480326666666667
946.0,9.11627,20.42169266666667,1.6468086666666666
947.0,9.300502333333332,20.31707066666667,1.6439586666666666
948.0,9.042312333333335,20.305258,1.6371953333333333
949.0,9.030822333333333,20.318144333333333,1.6477356666666665
950.0,9.049102333333334,19.938826666666667,1.6420916666666667
951.0,9.228821333333334,20.313171333333333,1.6387253333333334
952.0,9.218877333333333,20.339178,1.6472493333333336
953.0,9.214595,20.331408,1.6376220000000001
954.0,9.178473666666667,20.248417333333332,1.6407793333333334
955.0,9.140540333333334,20.328447999999998,1.6628123333333333
956.0,9.211301,20.358152333333333,1.6401883333333334
957.0,9.234711666666668,20.518687333333332,1.6460583333333334
958.0,9.202161,20.407709,1.6438323333333333
959.0,9.218304333333334,20.282567666666665,1.6359319999999997
960.0,9.220481333333332,20.295674666666667,1.641849
961.0,9.280228666666666,20.438002666666666,1.6374523333333333
962.0,9.218064666666669,20.382335333333334,1.6383590000000001
963.0,9.129153666666666,20.170302666666668,1.641072
964.0,9.178857666666667,20.371848333333336,1.6351126666666669
965.0,9.060128666666667,20.20568,1.6426960000000002
966.0,8.988075,20.102008,1.6385356666666668
967.0,8.916623666666666,20.157545666666667,1.6348616666666667
968.0,8.894020333333332,19.984249666666667,1.6349356666666666
969.0,8.911236666666667,20.11364233333333,1.6278716666666666
970.0,8.942211,20.004086666666666,1.6506393333333333
971.0,8.998461333333333,20.218460333333333,1.648309
972.0,9.044029666666667,20.137111333333333,1.6369193333333334
973.0,9.152643666666666,20.324667666666667,1.6474360000000001
974.0,9.190250333333333,20.363642,1.644979
975.0,9.218921,20.399752666666668,1.6427656666666668
976.0,9.246308333333333,20.386092333333334,1.7163829999999998
977.0,9.264994666666666,20.341091333333335,1.647539
978.0,9.264345666666665,20.397928999999998,1.6366420000000002
979.0,9.179474,20.325048,1.7156763333333334
980.0,9.139289999999999,20.26152,1.6448159999999998
981.0,9.058622333333334,20.031891,1.6415723333333334
982.0,9.085529333333334,20.127282,1.6514790000000001
983.0,9.127007,20.151579,1.6456753333333334
984.0,9.135133333333332,20.220149666666668,1.6536656666666667
985.0,9.133149666666666,20.363495333333333,1.6492890000000002
986.0,9.078296333333332,20.29017066666667,1.6376453333333334
987.0,9.119086333333334,20.302924333333333,1.6435656666666667
988.0,9.112450333333333,20.36314833333333,1.639729
989.0,9.192991000000001,20.474933666666665,1.6355753333333334
990.0,9.227321666666667,20.447969333333333,1.644359
991.0,9.179044,20.369415333333333,1.655526
992.0,9.195051000000001,20.469896666666667,1.6441186666666665
993.0,9.214150666666667,20.325685,1.6434853333333335
994.0,9.214774333333333,20.369065333333335,1.639959
995.0,9.282262000000001,20.361235333333337,1.6709523333333334
996.0,9.186647666666667,20.288003999999997,1.6457953333333333
997.0,9.047572333333333,20.199713,1.6495056666666665
998.0,9.049772,20.254307,1.648352
999.0,9.023715333333334,20.161712666666663,1.6408416666666668
1000.0,9.026398666666665,20.253727333333334,1.6340649999999999
1001.0,9.091413000000001,20.235220333333334,1.644349
1002.0,9.120593,20.209973333333334,1.6441823333333332
1003.0,9.216368,20.388682333333335,1.642462
1004.0,9.193347,20.356058333333333,1.635169
1005.0,9.111753333333333,20.313667666666664,1.6377923333333335
1006.0,9.150917,20.239656999999998,1.634289
1007.0,9.158467,20.35155166666667,1.636498666666667
1008.0,9.109626333333333,20.268400666666665,1.6349089999999997
1009.0,9.084559333333333,20.182832666666666,1.6439986666666666
1010.0,9.061632666666666,20.317537666666666,1.6298389999999998
1011.0,9.045422,20.222706666666667,1.6346956666666665
1012.0,9.013827999999998,20.104428666666667,1.6455590000000002
1013.0,9.151833666666668,20.489490333333332,1.6473956666666665
1014.0,9.128506666666667,20.424716,1.6441356666666669
1015.0,9.158600666666667,20.339624666666666,1.6410090000000002
1016.0,9.158597333333333,20.10551166666667,1.677726
1017.0,9.210164333333333,20.345781666666667,1.6465056666666669
1018.0,9.210217666666667,20.352401999999998,1.648639
1019.0,9.170227333333335,20.291680666666664,1.639572
1020.0,9.192261,20.433522333333332,1.6381493333333335
1021.0,9.132366666666668,20.151222333333333,1.637272
1022.0,9.221244666666665,20.407518999999997,1.6831496666666668
1023.0,9.232001,20.353067999999997,1.6460756666666667
1024.0,9.051512333333333,20.25143,1.662579
1025.0,8.998358666666666,20.073891333333332,1.6343086666666666
1026.0,9.103456333333334,20.213620333333335,1.644552
1027.0,9.107453333333334,20.330264666666668,1.6352250000000002
1028.0,9.196584,20.355318666666665,1.6485323333333335
1029.0,9.009775,20.150089333333337,1.6384549999999998
1030.0,9.054799000000001,20.279650333333333,1.642215
1031.0,9.022261333333333,20.066738333333333,1.654739
1032.0,9.002908,20.158272333333333,1.6453526666666667
1033.0,8.956064,19.975746666666666,1.6288790000000002
1034.0,8.973068,20.190879666666667,1.7437733333333334
1035.0,9.041925333333333,20.143932666666668,1.6423820000000002
1036.0,9.044169000000002,20.23926333333333,1.6791030000000002
1037.0,8.999941666666667,20.229177,1.6309686666666667
1038.0,8.907980333333333,20.174819,1.6291120000000001
1039.0,8.886199666666668,20.041588,1.6340083333333333
1040.0,8.842295666666667,19.995366333333337,1.6307486666666666
1041.0,8.878616666666666,19.916779333333334,1.6354223333333333
1042.0,9.043905666666666,20.156178666666666,1.6387623333333332
1043.0,9.003351333333333,20.21381033333333,1.6407619999999998
1044.0,8.998864666666666,20.183549666666664,1.7976273333333335
1045.0,9.033401666666666,20.336588333333335,1.6416723333333334
1046.0,8.974168,20.008400333333334,1.6316920000000001
1047.0,8.990808333333334,19.99640033333333,1.6436616666666666
1048.0,8.972191333333335,20.132319,1.646562
1049.0,8.988118,20.262000666666665,1.6487356666666668
1050.0,8.987528,20.09710133333333,1.6410919999999998
1051.0,8.967164333333333,20.153499333333333,1.6403953333333334
1052.0,8.929147666666667,20.136048666666664,1.6389853333333333
1053.0,9.030968333333334,20.326474666666666,1.6410290000000003
1054.0,9.016811666666667,20.14077566666667,1.6467056666666666
1055.0,9.12191,20.371951999999997,1.6393186666666668
1056.0,9.087283,20.384968999999998,1.6424556666666668
1057.0,9.075002666666668,20.040487666666667,1.6539826666666666
1058.0,9.145366999999998,20.401338999999997,1.638518666666667
1059.0,9.044979,20.344204666666666,1.6937063333333333
1060.0,8.996794333333334,20.240426666666668,1.6323886666666665
1061.0,8.990768666666666,20.283717333333332,1.646249
1062.0,8.960051333333332,20.275927333333332,1.648439
1063.0,9.083506666666667,20.391765333333336,1.6363923333333332
1064.0,9.000528666666668,20.304997333333333,1.651079
1065.0,9.138700333333334,20.468873,1.645622333333333
1066.0,9.104676666666668,20.336195,1.6440353333333333
1067.0,9.021648666666666,20.175602333333334,1.6419050000000002
1068.0,8.974888,20.190332666666666,1.6387456666666669
1069.0,9.006681666666667,20.201605999999998,1.6424356666666666
1070.0,8.973681000000001,20.158799333333334,1.6773893333333334
1071.0,9.003612333333335,20.065831,1.6423723333333333
1072.0,9.134836333333334,20.392622666666668,1.637632
1073.0,9.102222666666668,20.36794533333333,1.6459456666666668
1074.0,9.133900333333335,20.331344,1.637192
1075.0,9.114906666666664,20.248247,1.6461386666666666
1076.0,9.127366666666667,20.302493666666667,1.652919
1077.0,9.108216666666666,20.350038333333334,1.6374449999999998
1078.0,9.062849,20.30758133333333,1.6382316666666668
1079.0,9.114999333333333,20.311341333333335,1.6360326666666667
1080.0,9.076009666666666,20.256710333333334,1.6360916666666665
1081.0,9.080459666666668,20.31211433333333,1.6466356666666666
1082.0,9.086809999999998,20.172636,1.6451956666666667
1083.0,9.067859,20.158072,1.6584526666666666
1084.0,9.193961,20.372535666666668,1.6351316666666669
1085.0,9.161780666666667,20.335988333333333,1.6434616666666668
1086.0,9.172363666666667,20.351651666666665,1.645469
1087.0,9.137943333333332,20.288361,1.6372623333333334
1088.0,9.077456,20.272527333333333,1.639299
1089.0,9.032398666666667,20.040234333333334,1.6457353333333333
1090.0,9.035572333333333,20.261933666666668,1.683896
1091.0,8.960054333333334,20.180498666666665,1.6412623333333334
1092.0,8.905363999999999,20.163185666666667,1.6772056666666668
1093.0,8.899550666666668,19.994159999999997,1.637379
1094.0,8.953444333333332,20.148622333333336,1.633222
1095.0,8.897786333333334,20.161326,1.6308619999999998
1096.0,8.907983666666667,20.061924666666666,1.633495
1097.0,8.908673666666667,20.047504333333332,1.6325416666666666
1098.0,8.927674000000001,20.256553666666665,1.6322653333333335
1099.0,9.010335333333332,20.149378666666667,1.6539556666666666
1100.0,9.074866,20.312798,1.643066
1101.0,8.997718333333333,20.170862666666668,1.6365616666666665
1102.0,9.177177333333333,20.13560866666667,1.6372989999999998
1103.0,9.031631666666668,19.975106333333333,1.6434186666666666
1104.0,9.190797666666667,20.354878666666668,1.6359386666666669
1105.0,9.117416333333333,19.931839333333333,1.6400820000000003
1106.0,9.201941,20.352701999999997,1.6472123333333333
1107.0,9.134453666666667,20.192673,1.6516756666666668
1108.0,9.126776666666666,20.262090666666666,1.6350153333333335
1109.0,9.135920333333333,20.342991666666666,1.6350153333333333
1110.0,9.074976000000001,20.382162000000005,1.6400356666666667
1111.0,9.060795333333333,20.148692333333333,1.6405386666666668
1112.0,9.080186666666666,20.151805333333332,1.6478156666666666
1113.0,9.113829666666666,20.355655000000002,1.645029
1114.0,9.141530333333334,20.38653533333333,1.6481153333333332
1115.0,9.12234,20.124288666666665,1.653086
1116.0,9.085162666666667,20.366342,1.6425256666666666
1117.0,9.068275666666667,20.297894666666668,1.646292
1118.0,9.065729,20.306464333333334,1.6370926666666665
1119.0,9.126306666666666,20.336955,1.6812326666666666
1120.0,9.041145666666667,20.298157666666665,1.6552593333333334
1121.0,9.019732,20.25353033333333,1.6399753333333333
1122.0,9.040722333333333,20.178246,1.6351056666666668
1123.0,9.038165333333332,20.288264666666667,1.6389086666666666
1124.0,9.000448666666667,20.056104333333334,1.6394816666666667
1125.0,9.091896,20.273501,1.6490323333333332
1126.0,9.007498333333332,20.152755666666664,1.6425353333333337
1127.0,8.984400999999998,20.185639666666667,1.6406720000000001
1128.0,8.978167333333333,20.20506333333333,1.6354316666666666
1129.0,8.964547999999999,20.26170666666667,1.6325853333333333
1130.0,8.972128,20.276604333333335,1.6291853333333333
1131.0,9.035568666666668,20.28993433333333,1.6962793333333333
1132.0,8.952323999999999,20.261236999999998,1.638935
1133.0,9.003961666666667,20.27495433333333,1.6485053333333333
1134.0,9.014278666666668,20.264813333333336,1.6398716666666668
1135.0,9.010238333333334,20.291944333333333,1.6543993333333333
1136.0,9.023478666666668,20.289944,1.6506653333333332
1137.0,9.014991666666667,20.259587,1.6369619999999998
1138.0,8.995871333333334,20.042744333333335,1.6382723333333333
1139.0,9.124003333333333,20.286817666666668,1.6537793333333333
1140.0,9.161903666666667,20.457373333333337,1.6479956666666666
1141.0,9.239345,20.47927,1.6468356666666668
1142.0,9.143517000000001,20.258470666666668,1.651179
1143.0,9.204224666666667,20.354375,1.642462
1144.0,9.222514333333335,20.179629333333335,1.6618493333333333
1145.0,9.214585,20.400222,1.647422333333333
1146.0,9.023928666666668,20.360938666666666,1.6446753333333335
1147.0,9.084892666666667,20.419542333333336,1.640769
1148.0,9.102832666666666,20.257487333333334,1.6538856666666668
1149.0,9.275629333333333,20.531314,1.6433290000000003
1150.0,9.115886666666666,20.298227666666666,1.6476723333333332
1151.0,9.100543333333334,20.436462666666667,1.638802
1152.0,9.022934666666666,20.283494,1.6409556666666667
1153.0,8.964954333333333,20.062598,1.6557956666666669
1154.0,8.930387333333334,19.923109333333333,1.650199
1155.0,9.040542333333333,20.100444999999997,1.657129
1156.0,9.051242,19.589931333333336,1.68348
1157.0,9.017898666666667,19.875342,1.6488823333333336
1158.0,9.054036000000002,19.584677333333335,1.6743326666666665
1159.0,8.914093333333334,19.969809666666666,1.678553
1160.0,9.202014,19.818351666666665,1.6732690000000001
1161.0,8.852879666666666,19.613422,1.632722
1162.0,9.020152,19.953452666666667,1.643182666666667
1163.0,9.068638666666667,20.02793733333333,1.6522956666666666
1164.0,8.979124666666667,20.282920999999998,1.657106
1165.0,9.336826,19.922882666666666,1.654469
1166.0,9.032392,19.979556333333335,1.650269
1167.0,9.082066333333332,20.206789666666666,1.6425720000000001
1168.0,9.483981333333332,20.01572033333333,1.6992226666666665
1169.0,8.998882,20.138858666666668,1.6548256666666668
1170.0,9.132033,20.031677666666663,1.641729
1171.0,8.943957666666666,19.857005333333333,1.6467623333333332
1172.0,9.149900666666667,20.12459133333333,1.6429656666666668
1173.0,9.105459999999999,20.264987,1.6546523333333332
1174.0,9.150113333333332,20.368059,1.6430386666666668
1175.0,9.176577666666667,20.256853333333332,1.6426793333333334
1176.0,9.135326666666666,20.341461666666664,1.634755
1177.0,9.154286999999998,20.108142,1.6470856666666667
1178.0,9.261755,20.349011666666666,1.6461823333333332
1179.0,9.154207333333334,20.328781333333332,1.643332
1180.0,9.021552333333334,20.188686333333333,1.6434886666666664
1181.0,9.011721666666666,20.057688333333335,1.6365216666666667
1182.0,8.993991666666666,20.243647,1.6573356666666665
1183.0,8.962884333333333,20.19689,1.6452156666666664
1184.0,8.987394666666667,20.103192000000004,1.649498666666667
1185.0,9.030605333333334,20.170182666666665,1.6502926666666664
1186.0,9.054395999999999,20.11545866666667,1.6385453333333333
1187.0,9.124320333333332,20.409455666666666,1.6425986666666665
1188.0,9.090819333333334,20.296181,1.70835
1189.0,9.051048999999999,20.295837333333335,1.6604093333333332
1190.0,9.062559,20.345518333333334,1.656246
1191.0,9.116339666666667,20.425636,1.652436
1192.0,9.136146666666667,20.390085666666664,1.6420126666666668
1193.0,9.166846999999999,20.53223433333333,1.6433790000000001
1194.0,9.209420666666666,20.413569,1.643032
1195.0,9.430331,20.449706333333335,1.6517823333333332
1196.0,9.172856999999999,20.453846,1.6371390000000001
1197.0,9.110352666666666,20.189046333333334,1.6553093333333333
1198.0,9.120526666666665,20.250850666666665,1.6382183333333333
1199.0,9.097002999999999,20.174655666666666,1.6444623333333332
1200.0,9.087552666666667,20.244453000000004,1.6576056666666668
1201.0,9.061759333333333,20.253140333333334,1.7243733333333333
1202.0,9.054962666666666,20.353898333333333,1.6474756666666668
1203.0,9.07844,20.395118666666665,1.643179
1204.0,9.120533333333332,20.369915333333335,1.6410653333333334
1205.0,9.071149333333333,20.25191,1.644719
1206.0,9.077872666666666,20.341345333333333,1.6375149999999998
1207.0,9.072249333333334,20.356015,1.6421989999999997
1208.0,9.066815666666667,20.375348666666667,1.637372
1209.0,9.103296666666665,20.352718333333335,1.6424523333333332
1210.0,9.093292666666668,20.276254333333334,1.6483953333333332
1211.0,9.161907,20.335688,1.6427956666666665
1212.0,9.104349,20.235467,1.6462953333333334
1213.0,9.079332666666666,20.186732666666664,1.643886
1214.0,8.946034333333332,20.24467033333333,1.6444956666666668
1215.0,8.929594,20.177312666666666,1.631032
1216.0,8.914990666666666,20.22549666666667,1.647429
1217.0,8.969591333333334,20.274534000000003,1.6473023333333332
1218.0,9.094629666666668,20.404015666666666,1.645399
1219.0,9.106412666666667,20.357961666666668,1.6410486666666666
1220.0,9.098926333333333,20.391092333333333,1.6477823333333335
1221.0,9.098846333333332,20.338064666666668,1.6465186666666665
1222.0,9.035489,20.237609666666668,1.6336123333333334
1223.0,9.027735333333332,20.09862466666667,1.6356720000000002
1224.0,9.130406666666667,20.222103,1.639799
1225.0,9.075599000000002,20.221873333333335,1.6535986666666667
1226.0,9.004358666666667,19.970569666666666,1.6665126666666665
1227.0,8.999368666666667,20.127801666666667,1.6726996666666665
1228.0,9.040782,20.244774000000003,1.6761186666666665
1229.0,8.916110666666667,20.084264666666666,1.643579
1230.0,8.917710333333332,20.122162,1.6337356666666665
1231.0,8.903294,20.235466333333335,1.6436323333333334
1232.0,8.965118,20.302721000000002,1.637608666666667
1233.0,8.938994333333333,20.258787,1.6474456666666668
1234.0,8.998051666666667,20.331361666666666,1.6478723333333332
1235.0,9.085859333333334,20.434592666666664,1.6517153333333334
1236.0,9.201664333333333,20.459389666666667,1.6430153333333335
1237.0,9.137746666666667,20.47633666666667,1.6503623333333335
1238.0,9.144616666666666,20.406472333333333,1.652679
1239.0,9.119096666666666,20.372401666666665,1.6435156666666666
1240.0,9.08795,20.277047333333332,1.6516256666666667
1241.0,9.019015666666666,20.313384333333335,1.6405486666666667
1242.0,8.928427333333333,20.174856000000002,1.6463456666666667
1243.0,8.998654666666667,20.250936999999997,1.6524720000000002
1244.0,9.056425666666668,20.21175,1.6492886666666668
1245.0,9.13746,20.37050566666667,1.6444356666666666
1246.0,9.10723,20.291924333333334,1.6348753333333335
1247.0,9.153680333333334,20.418775666666665,1.6428459999999998
1248.0,9.228811666666667,20.152619,1.6448456666666667
1249.0,8.965984333333333,20.09611166666667,1.6451253333333333
1250.0,10.432021,20.040300666666667,1.6509756666666666
1251.0,9.012214666666665,20.133171666666666,1.6341153333333331
1252.0,8.989431333333334,20.124205333333332,1.6361549999999998
1253.0,9.004348333333333,20.040934000000004,1.6422990000000002
1254.0,9.082242333333333,20.316261333333333,1.6465456666666667
1255.0,9.057989333333333,20.415869333333333,1.643025
1256.0,9.052399,20.418409,1.6996896666666668
1257.0,9.144660333333333,20.409399000000004,1.7169366666666666
1258.0,9.180127333333333,20.428669333333332,1.6459953333333335
1259.0,9.229465,20.603431666666665,1.641942
1260.0,9.131719666666667,20.166293,1.6441256666666668
1261.0,9.163410333333333,20.363582333333333,1.6392853333333335
1262.0,9.153312999999999,20.319601666666667,1.6405216666666667
1263.0,9.149130333333334,20.265730333333334,1.6384556666666665
1264.0,9.178220333333334,20.342448333333333,1.647899
1265.0,9.132166666666665,20.22838,1.6388023333333332
1266.0,9.085036,20.170212333333332,1.6473226666666667
1267.0,9.169453333333335,20.413242333333333,1.6457323333333334
1268.0,9.301839,20.310201333333335,1.6479853333333334
1269.0,9.129963666666667,20.344092,1.6480923333333333
1270.0,9.131273333333333,20.427019333333334,1.655066
1271.0,9.182357666666666,20.511557,1.6519190000000001
1272.0,9.192780666666666,20.444196333333334,1.6497650000000001
1273.0,9.144084,20.436276333333335,1.647232
1274.0,9.113509666666667,20.44369,1.6428520000000002
1275.0,9.000938666666668,20.298820666666668,1.6515286666666666
1276.0,9.036055666666668,20.378512,1.6419990000000002
1277.0,9.075679333333333,20.380295333333333,1.6428893333333334
1278.0,9.104599333333333,20.241257333333333,1.648842
1279.0,9.194604666666669,20.329111333333334,1.6425856666666665
1280.0,8.986514999999999,20.168415666666668,1.6467990000000003
1281.0,9.012711666666666,20.151909333333332,1.6403290000000001
1282.0,9.037282,20.276567333333332,1.6432753333333334
1283.0,9.048859333333333,20.420208666666667,1.6430426666666664
1284.0,9.053156,20.384888333333333,1.7527803333333332
1285.0,9.110843333333333,20.461203,1.6454923333333333
1286.0,9.169420333333333,20.409955999999998,1.6457523333333333
1287.0,9.16086,20.430425666666668,1.6473556666666667
1288.0,9.171639999999998,20.481896666666668,1.6439516666666665
1289.0,9.158326666666667,20.409652666666663,1.6476953333333333
1290.0,9.139703333333333,20.386902333333335,1.6511189999999998
1291.0,9.035148999999999,20.289383666666666,1.6519756666666667
1292.0,9.027508333333333,20.31464766666667,1.7031333333333334
1293.0,8.993368,20.37604233333333,1.6487453333333333
1294.0,9.11915,20.37625233333333,1.6458253333333335
1295.0,9.092826333333333,20.448296,1.6457123333333332
1296.0,9.099986333333334,20.342895000000002,1.6450793333333333
1297.0,9.109879666666666,20.471036666666667,1.6508386666666668
1298.0,9.079279666666666,20.37679866666667,1.638672
1299.0,9.019815333333334,20.264617333333334,3.908222666666667
1300.0,8.963591000000001,20.103031333333334,1.6515193333333336
1301.0,9.039528666666667,20.05479133333333,1.6433353333333331
1302.0,9.170830333333333,20.344311333333334,1.6502256666666666
1303.0,9.144097,20.23623033333333,1.6473986666666667
1304.0,9.168524,20.329987666666668,1.6583893333333333
1305.0,9.035102,20.267414,1.6484590000000001
1306.0,9.027811999999999,20.428263,1.639602
1307.0,9.125266666666667,20.465623666666666,1.6506490000000003
1308.0,9.054476000000001,20.350734999999997,1.6425423333333333
1309.0,9.204467999999999,20.465609666666666,1.650009
1310.0,9.192297000000002,20.317625,1.6479253333333332
1311.0,9.168330666666668,20.23376,1.6428553333333333
1312.0,9.156717,20.258156999999997,1.651116
1313.0,9.149670333333333,20.235920333333336,1.6509523333333334
1314.0,9.224061333333333,20.297484,1.6442556666666668
1315.0,9.118159666666667,20.218783,1.6439960000000002
1316.0,9.158200666666668,20.144975666666667,1.6437253333333335
1317.0,9.270135333333334,20.453772999999998,1.6421923333333333
1318.0,9.229968,20.111255333333332,1.6451226666666667
1319.0,9.329766,20.435183,1.658639
1320.0,9.266975333333333,20.403181999999997,1.640348666666667
1321.0,9.246571999999999,20.419139,1.6506126666666667
1322.0,9.235911666666667,20.395199,1.6385353333333335
1323.0,9.243077999999999,20.511234333333334,1.6507623333333334
1324.0,9.198947666666667,20.248200333333333,1.7255936666666667
1325.0,9.244535,20.513307333333334,1.6390086666666666
1326.0,9.194078,20.423869333333332,1.6300786666666667
1327.0,9.107619666666666,20.395899,1.6494793333333335
1328.0,9.099893000000002,20.206442666666668,1.6360556666666666
1329.0,9.139467,20.238603,1.654059
1330.0,9.182051333333334,20.417046,1.6356953333333333
1331.0,9.028061666666668,20.216039666666664,1.6616593333333334
1332.0,9.022855666666667,20.376681666666666,1.6327656666666668
1333.0,9.072999666666666,20.374912,1.6444753333333333
1334.0,9.046589333333335,20.36860833333333,1.637929
1335.0,9.128773,20.356892,1.6430423333333335
1336.0,9.197494333333333,20.478076333333334,1.642222
1337.0,9.212771333333334,20.496660333333335,1.650049
1338.0,9.183457333333331,20.409419,1.6436019999999998
1339.0,9.183538,20.414472333333332,1.6393820000000001
1340.0,9.133203333333332,20.521390666666665,1.70964
1341.0,9.119676666666667,20.454789666666667,1.6471023333333334
1342.0,9.083586333333335,20.455503000000004,1.6539359999999999
1343.0,9.097219333333333,20.441558999999998,1.6423119999999998
1344.0,9.136660000000001,20.224746666666665,1.6603186666666667
1345.0,9.221284666666667,20.436312666666666,1.6437626666666667
1346.0,9.252451333333333,20.551737666666668,1.6427226666666666
1347.0,9.224111666666667,20.449372666666665,1.6518990000000002
1348.0,9.255484333333333,20.448643,1.6405553333333334
1349.0,9.238024666666666,20.261753666666667,1.645459
1350.0,9.319219000000002,20.575511666666667,1.6383553333333332
1351.0,9.235288333333335,20.407518666666668,1.6406823333333334
1352.0,9.178864,20.364651999999996,1.6447356666666668
1353.0,9.165807000000001,20.437079333333333,1.6406423333333333
1354.0,9.189597333333333,20.447633,1.6452716666666667
1355.0,9.211401333333333,20.513594333333334,1.6384016666666668
1356.0,9.198278,20.43208266666667,1.674533
1357.0,9.209041,20.426422666666667,1.6560623333333335
1358.0,9.200074333333335,20.456496666666666,1.6507423333333335
1359.0,9.161880666666667,20.394989,1.6454393333333333
1360.0,9.132517,20.279173666666665,1.643849333333333
1361.0,9.12019,20.27867433333333,1.6417553333333332
1362.0,9.107236666666665,20.352411666666665,1.6495056666666665
1363.0,9.055042333333333,20.294847999999998,1.649072
1364.0,9.063689666666667,20.230152999999998,1.6378023333333334
1365.0,9.147700333333333,20.48692366666667,1.6453886666666666
1366.0,9.092756333333332,20.400589,1.6361253333333332
1367.0,9.100329333333333,20.201916333333333,1.6466823333333334
1368.0,9.057752,20.296138333333335,1.6467753333333333
1369.0,9.023762,20.2499,1.6391156666666669
1370.0,8.961231333333332,20.253706333333334,1.6436456666666668
1371.0,9.029245333333334,20.296107666666668,1.6446689999999997
1372.0,9.086756333333334,20.362551999999997,1.637582
1373.0,9.13235,20.335475,1.6446223333333334
1374.0,9.253785,20.496683333333333,1.6463986666666666
1375.0,9.195647333333334,20.554561333333336,1.6415819999999999
1376.0,9.168156666666667,20.357818333333334,1.6360923333333333
1377.0,9.130907333333333,20.332074666666667,1.6409653333333332
1378.0,9.129546666666668,20.408236,1.6512853333333333
1379.0,9.214787666666668,20.417933,1.6384586666666667
1380.0,9.165863666666667,20.475803666666668,1.6397723333333332
1381.0,9.130893333333333,20.732817,1.6966530000000002
1382.0,9.090559666666667,20.413715999999997,1.6401556666666668
1383.0,9.095599666666667,20.269894,1.646472
1384.0,9.161967333333333,20.462072666666668,1.6438856666666666
1385.0,9.174980666666665,20.42157966666667,1.6408719999999999
1386.0,9.205671,20.589665,1.6413753333333334
1387.0,9.171120666666667,20.37070866666667,1.6476256666666667
1388.0,9.142250666666667,20.210156333333334,1.6446523333333332
1389.0,9.186624,20.423606333333336,1.6558386666666667
1390.0,9.188667666666667,20.48656366666667,1.650195
1391.0,9.076319666666668,20.36052533333333,1.6557026666666668
1392.0,9.010491666666667,20.217626666666664,1.6381616666666667
1393.0,9.073256333333335,20.449416000000003,1.6377093333333335
1394.0,8.985154333333334,20.376049,1.642475
1395.0,9.066862333333333,20.320638333333335,1.642045666666667
1396.0,9.127843666666667,20.371795333333335,1.6531556666666667
1397.0,9.133483666666665,20.445546333333336,1.6528156666666665
1398.0,9.186023999999998,20.426169333333334,1.6415953333333333
1399.0,9.176264000000002,20.439083,1.644359
1400.0,9.119289333333333,20.294537666666667,1.6410520000000002
1401.0,9.1483,20.452616333333335,1.6383323333333333
1402.0,9.095969333333333,20.331171666666666,1.6521860000000002
1403.0,9.168474333333334,20.458803333333336,1.6418383333333335
1404.0,9.236611333333334,20.431045666666666,1.6474353333333331
1405.0,9.216024333333332,20.404302333333334,1.6480893333333333
1406.0,9.269655666666667,20.373478333333335,1.6555926666666665
1407.0,9.271472333333334,20.402929333333336,1.7758466666666666
1408.0,9.282635333333333,20.443716666666663,1.6440720000000002
1409.0,9.229894666666667,20.373898666666665,1.6511723333333332
1410.0,9.160213999999998,20.388735666666665,1.6490153333333335
1411.0,9.138563,20.477720666666666,1.6411686666666665
1412.0,9.155974333333335,20.396332,1.6371453333333335
1413.0,9.176530666666666,20.472686999999997,1.6458586666666666
1414.0,9.275388666666666,20.510860333333333,1.6417623333333333
1415.0,9.264621666666667,20.532678,1.6440053333333333
1416.0,9.203828,20.35654166666667,1.6466260000000001
1417.0,9.305206,20.466106333333332,1.650006
1418.0,9.215317666666666,20.381295666666663,1.658205333333333
1419.0,9.191227333333332,20.357145,1.6445523333333334
1420.0,9.14321,20.343087666666666,1.6420089999999998
1421.0,9.147000666666665,20.302417666666667,1.6388423333333335
1422.0,9.126637333333333,20.32465433333333,1.643459
1423.0,9.071219,20.177929333333335,1.6412023333333334
1424.0,9.171077333333333,20.33033466666667,1.640719
1425.0,9.135103333333333,20.395509,1.636029
1426.0,9.074202666666666,20.307064333333333,1.686056
1427.0,9.100656333333333,20.331761666666665,1.6348086666666666
1428.0,9.09485,20.29287066666667,1.6349256666666667
1429.0,9.041628666666666,20.228016999999998,1.6574689999999999
1430.0,9.076022666666667,20.265740666666666,1.6349983333333336
1431.0,9.014705333333334,20.018067333333335,1.6448693333333333
1432.0,9.128326333333334,20.323815,1.6497953333333333
1433.0,9.09821,20.316081333333333,1.6482723333333336
1434.0,9.132052999999999,20.498470333333334,1.6428686666666668
1435.0,9.116183666666666,20.486006333333336,1.644992
1436.0,9.078689333333335,20.50528733333333,1.6503990000000002
1437.0,9.174847333333334,20.399165999999997,1.7446636666666666
1438.0,9.292702,20.554757666666667,1.6414990000000003
1439.0,9.145674,20.184466,1.6420823333333334
1440.0,9.264632,20.4492,1.6410220000000002
1441.0,9.251432000000001,20.503943000000003,1.6455060000000001
1442.0,9.251047999999999,20.554344666666665,1.638321666666667
1443.0,9.194518,20.562950999999998,1.6424253333333334
1444.0,9.164770666666668,20.254340666666668,1.641572
1445.0,9.202524666666667,20.399479000000003,1.6425390000000002
1446.0,9.059458666666666,20.22148333333333,1.6469053333333334
1447.0,9.072556,20.314787666666664,1.6638926666666667
1448.0,9.069029,20.301474666666667,1.644586
1449.0,9.070798666666667,20.358108666666666,1.6363323333333335
1450.0,9.054982666666668,20.310761,1.629202333333333
1451.0,9.026945,20.277697999999997,1.6445286666666667
1452.0,8.946284666666665,20.15318866666667,1.6349889999999998
1453.0,8.88796,20.234979999999997,1.6411483333333334
1454.0,8.912543666666666,20.216446333333334,1.642622
1455.0,8.946321,20.285860666666668,1.6929096666666668
1456.0,8.933917333333333,20.297104333333337,1.635722333333333
1457.0,8.949927666666667,20.20464,1.6410026666666664
1458.0,9.091059666666666,20.423629333333334,1.6412523333333333
1459.0,10.373770666666665,20.416732333333332,1.6949630000000002
1460.0,9.022355333333334,20.236806666666666,1.6494953333333335
1461.0,9.153127333333332,20.253827,1.650209
1462.0,9.260855333333334,20.478627,1.6467953333333334
1463.0,9.229624666666666,20.364318666666666,1.645049
1464.0,9.265892,20.551680666666666,1.641682
1465.0,9.257082,20.45460633333333,1.6432720000000003
1466.0,9.239161333333334,20.377565333333337,1.6443519999999998
1467.0,9.204560333333333,20.404459333333335,1.651269
1468.0,9.174757333333334,20.237443666666667,1.6466586666666665
1469.0,9.174440666666667,20.411992333333334,1.6829426666666667
1470.0,9.136833333333334,20.388039333333335,1.6372053333333332
1471.0,9.077506333333334,20.132215,1.640326
1472.0,9.230964666666667,20.462703,1.673352666666667
1473.0,9.118,20.162935666666666,1.6495823333333333
1474.0,9.182231,20.407719,1.654236
1475.0,9.108007,20.260080333333335,1.643909
1476.0,9.182291,20.42075566666667,1.6500356666666667
1477.0,9.144203666666668,20.436993,1.6443153333333331
1478.0,9.156050333333333,20.54942733333333,1.6405919999999998
1479.0,9.211567666666667,20.460316666666667,1.651059
1480.0,9.180404000000001,20.46775666666667,1.6386053333333335
1481.0,9.237608333333334,20.431426,1.6439353333333333
1482.0,9.230065,20.499750333333335,1.6382956666666664
1483.0,9.251038333333334,20.511056999999997,1.6403653333333335
1484.0,9.233191333333332,20.478226333333335,1.6370226666666667
1485.0,9.157083666666667,20.383045333333335,1.6478589999999997
1486.0,9.157143666666668,20.46135,1.6848826666666665
1487.0,9.125443333333333,20.301580666666666,1.6411723333333332
1488.0,9.235871333333334,20.47496666666667,1.6395426666666666
1489.0,9.207411,20.443636333333334,1.6452456666666666
1490.0,9.183244,20.269540666666668,1.6857860000000002
1491.0,9.179606999999999,20.383348333333334,1.6472956666666667
1492.0,9.177330666666666,20.421122333333333,1.6543053333333333
1493.0,9.108273333333333,20.34983133333333,1.6462723333333333
1494.0,9.101863,20.36611866666667,1.6357290000000002
1495.0,9.073046,20.427772666666666,1.6515853333333332
1496.0,9.045348666666667,20.364628666666665,1.6387856666666665
1497.0,9.075182333333332,20.343381333333333,1.6371056666666668
1498.0,9.081162333333333,20.340605333333333,1.639878666666667
1499.0,9.067082,20.271894000000003,1.6469956666666665
1500.0,9.045215666666666,20.183996333333337,1.6467789999999998
1501.0,9.036712333333334,20.185529666666667,1.6445523333333334
1502.0,8.951967666666667,20.051591000000002,1.6522126666666666
1503.0,9.035905666666666,20.310864666666667,1.6358656666666667
1504.0,9.079499,20.270420666666666,1.6471989999999999
1505.0,9.151093666666666,20.247516333333333,1.7102096666666669
1506.0,9.202797666666667,20.50463733333333,1.651902
1507.0,9.148023333333335,20.368902,1.6414356666666665
1508.0,9.144473,20.311071666666667,1.6407656666666668
1509.0,9.157920333333335,20.291461,1.6420186666666663
1510.0,9.1159,20.269273666666667,1.6426453333333333
1511.0,9.143383666666665,20.270836666666668,1.6888796666666668
1512.0,9.030272000000002,20.119928666666667,1.639889
1513.0,9.106117,20.347818,1.6399490000000003
1514.0,8.938440333333334,20.28867466666667,1.6406186666666667
1515.0,8.952821333333334,20.10929833333333,1.6835856666666666
1516.0,9.075603,20.273003999999997,1.645422
1517.0,9.084442666666666,20.332661666666667,1.6404856666666667
1518.0,9.220258,20.381542,1.6375719999999998
1519.0,9.154347,20.312117999999998,1.6393756666666668
1520.0,9.141304,20.345961,1.6463523333333334
1521.0,9.118753333333334,20.480576666666668,1.6799356666666665
1522.0,9.126356666666666,20.303150666666667,1.6480953333333332
1523.0,9.074196,20.334847666666665,1.6576253333333335
1524.0,9.14399,20.485917,1.657125
1525.0,9.222994666666665,20.516434,1.6455023333333332
1526.0,9.241537333333333,20.520014333333332,1.6512459999999998
1527.0,9.168537333333333,20.46455,1.6875729999999998
1528.0,9.151837333333333,20.427182666666663,1.6384453333333333
1529.0,9.143263666666668,20.42185566666667,1.6384323333333333
1530.0,9.145354000000001,20.383671666666668,1.636989
1531.0,9.012818333333334,20.318130666666665,1.6531693333333333
1532.0,9.043835666666666,20.343765,1.6483153333333334
1533.0,9.046432333333334,20.257944,1.6449386666666668
1534.0,9.023745333333332,20.224003333333332,1.6421523333333334
1535.0,9.046555333333334,20.115112333333332,1.6415023333333334
1536.0,9.14023,20.428999666666666,1.6473553333333335
1537.0,8.992618666666667,20.294700666666667,1.633199
1538.0,8.934693666666668,20.163729333333333,1.6418986666666668
1539.0,8.881526666666668,20.16678233333333,1.6409786666666666
1540.0,8.924687666666665,19.95621966666667,1.6394253333333333
1541.0,9.110636666666666,20.304517999999998,1.6496253333333335
1542.0,9.124096666666667,20.446229666666667,1.6370753333333334
1543.0,9.059875666666667,20.274253666666667,1.6310156666666664
1544.0,9.051011666666668,20.262240333333335,1.6418823333333332
1545.0,9.006801,20.091174666666664,1.6352356666666665
1546.0,9.126663,20.253274,1.644859
1547.0,9.177420666666668,20.397029,1.6606993333333333
1548.0,9.186460666666667,20.359875,1.6573159999999998
1549.0,9.193717666666666,20.425319333333334,1.6482423333333334
1550.0,9.143727333333333,20.417059,1.6494389999999999
1551.0,9.147170333333333,20.433573,1.6420919999999999
1552.0,9.156500333333334,20.341745333333336,1.6500523333333332
1553.0,9.235975,20.300761,1.653379
1554.0,9.268675666666667,20.507857,1.6540123333333332
1555.0,9.173927666666666,20.224976666666667,1.645709
1556.0,9.14645,20.321845,1.6391886666666666
1557.0,9.129953666666665,20.32693766666667,1.645112
1558.0,9.161097333333332,20.246680333333334,1.6392216666666668
1559.0,9.301692333333333,20.470726666666668,1.644342
1560.0,9.209817666666668,20.514043666666666,1.6399123333333334
1561.0,9.187560333333332,20.484283666666666,1.7776606666666668
1562.0,9.13765,20.360668,1.6460756666666667
1563.0,9.14513,20.429226333333332,1.638032
1564.0,9.167064,20.452119666666665,1.6407526666666667
1565.0,9.121013,20.19760966666667,1.6544926666666668
1566.0,9.180334333333334,20.398805666666668,1.6506123333333333
1567.0,9.116203333333333,20.240776666666665,1.643669
1568.0,9.179997666666667,20.355768666666666,1.6426583333333333
1569.0,9.220941333333332,20.585957666666662,1.6477656666666665
1570.0,9.235348,20.544741333333334,1.693303
1571.0,9.180940666666666,20.426462666666666,1.6457226666666667
1572.0,9.133606666666667,20.295067333333336,1.6369323333333332
1573.0,9.155570333333332,20.292723999999996,1.6374250000000001
1574.0,9.080813,20.316541,1.6479926666666664
1575.0,9.046251666666665,20.300128,1.654048666666667
1576.0,9.097133333333334,20.48983,1.6469453333333333
1577.0,9.114409666666665,20.42109866666667,1.6429456666666666
1578.0,9.237811666666666,20.419962,1.6469989999999999
1579.0,9.278015333333334,20.359651666666664,1.8531683333333335
1580.0,9.285312666666668,20.479029999999998,1.6851293333333335
1581.0,9.236514999999999,20.425546,1.641839
1582.0,9.223125000000001,20.389218666666668,1.6643526666666668
1583.0,9.229341,20.583301666666667,1.6374323333333332
1584.0,9.225668,20.50945733333333,1.652012
1585.0,9.271562,20.503901,1.6501023333333336
1586.0,9.262498333333333,20.515446999999998,1.651966
1587.0,9.214857666666667,20.44922,1.6512923333333334
1588.0,9.200067666666667,20.189755333333334,1.6493426666666668
1589.0,9.386986666666667,20.502913666666668,1.6440789999999998
1590.0,9.311892333333335,20.413076333333333,1.6669359999999998
1591.0,9.270025333333335,20.386749,1.632822
1592.0,9.295512333333335,20.408326000000002,1.6491923333333334
1593.0,9.292116,20.381178333333335,1.6381623333333335
1594.0,9.260888333333334,20.245733666666666,1.6524790000000003
1595.0,9.172884,20.285311,1.6576386666666665
1596.0,9.235921,20.440622333333334,1.6429660000000001
1597.0,9.228968333333334,20.361568333333334,1.6454626666666667
1598.0,9.320956,20.507767333333334,1.6396156666666666
1599.0,9.236681333333333,20.46533666666667,1.6464353333333335
1600.0,9.250038333333334,20.371168333333333,1.6426456666666667
1601.0,9.297758666666667,20.504936999999998,1.6500393333333332
1602.0,9.438681,20.413079333333332,1.644289
1603.0,9.207938333333333,20.353268333333332,1.6381423333333334
1604.0,9.183647333333333,20.405466,1.648592
1605.0,9.134480333333332,20.45392633333333,1.6447260000000001
1606.0,9.073325666666667,20.261923333333332,1.6366886666666665
1607.0,9.081296333333334,20.360925333333334,1.6380853333333334
1608.0,9.045425666666667,20.304680666666666,1.6369223333333334
1609.0,9.209507666666667,20.31313833333333,1.6404683333333334
1610.0,9.017345333333333,20.317234666666664,1.6354416666666667
1611.0,9.009882,20.388758666666664,1.6704093333333334
1612.0,8.973807333333333,20.135632666666666,1.6414756666666666
1613.0,9.150333666666667,20.493057333333336,1.640966
1614.0,9.084522666666667,20.079301666666666,1.6364483333333333
1615.0,9.541829,20.303374,1.674046
1616.0,9.326232333333332,20.390252333333333,1.6475053333333332
1617.0,9.226798,20.344321333333337,1.634419
1618.0,9.260798666666666,20.23889,1.6363926666666668
1619.0,9.265331999999999,20.367301666666666,1.6488626666666668
1620.0,9.252361333333335,20.549604666666667,1.6365489999999998
1621.0,9.219971333333334,20.408791666666666,1.6400423333333334
1622.0,9.248571333333333,20.443089666666665,1.640339
1623.0,9.189360666666667,20.35129166666667,1.6337819999999998
1624.0,9.235498,20.440873,1.6471623333333334
1625.0,9.202664,20.44711633333333,1.7240833333333334
1626.0,9.106226333333334,20.284844,1.6518456666666665
1627.0,9.11941,20.462656,1.6324120000000002
1628.0,9.136760333333333,20.346551666666667,1.6450690000000001
1629.0,9.121964,20.453166333333332,1.6329953333333336
1630.0,9.196911000000002,20.61372833333333,1.6429286666666665
1631.0,9.283482333333334,20.553481666666666,1.6397386666666665
1632.0,9.183074,20.448766666666668,1.645739
1633.0,9.152540666666667,20.302708,1.6393953333333335
1634.0,9.219481,20.512573666666665,1.6387026666666664
1635.0,9.136337333333334,20.293200666666667,1.638189
1636.0,9.160453333333331,20.342695,1.6403726666666667
1637.0,9.138210333333333,20.451479666666668,1.6335790000000001
1638.0,9.203151333333333,20.383912,1.6428356666666666
1639.0,9.170334,20.509743999999998,1.6836626666666668
1640.0,9.174660333333334,20.44951,1.6397183333333334
1641.0,9.196288,20.31954766666667,1.6453326666666666
1642.0,9.127226666666667,20.45544,1.6425586666666667
1643.0,9.079016,20.411279333333333,1.6334153333333334
1644.0,9.001972,20.24263333333333,1.6401723333333333
1645.0,8.955477666666667,20.197333,1.642006
1646.0,9.037268666666668,20.21757033333333,1.6404856666666667
1647.0,9.170864333333334,20.403632333333334,1.641252
1648.0,9.264855,20.501951000000002,1.6549586666666667
1649.0,9.224451,20.53762433333333,1.6397186666666668
1650.0,9.233164666666665,20.47617,1.6395556666666664
1651.0,9.152737,20.446516,1.6375193333333333
1652.0,9.249761333333334,20.30148433333333,1.6468123333333333
1653.0,9.229531,20.47971366666667,1.6839063333333335
1654.0,9.203037333333333,20.447036333333333,1.644026
1655.0,9.242467999999999,20.296460999999997,1.6609693333333333
1656.0,9.231641333333334,20.394475333333332,1.7317363333333333
1657.0,9.176587666666666,20.271850333333333,1.6403156666666667
1658.0,9.168067333333333,20.180626,1.6465589999999999
1659.0,9.298289333333331,20.430146,1.6425020000000001
1660.0,9.188237666666668,20.320965,1.6480620000000001
1661.0,9.156790666666668,20.461946666666666,1.6447153333333333
1662.0,9.208304666666669,20.238107,1.6438583333333334
1663.0,9.188967333333332,20.25080733333333,1.6483556666666666
1664.0,9.172713666666667,20.357915333333334,1.6490123333333333
1665.0,8.987991333333333,20.22563,1.6690093333333333
1666.0,9.011297999999998,20.346962,1.636832
1667.0,9.014459,20.244500333333335,1.6428853333333333
1668.0,9.103513,20.508290666666667,1.6522423333333334
1669.0,9.119364,20.451932333333332,1.6350053333333332
1670.0,9.053436,20.203906333333332,1.647279
1671.0,9.112733333333333,20.394979,1.6448053333333332
1672.0,9.143847333333333,20.400055666666667,1.6473190000000002
1673.0,9.143383333333334,20.367911666666668,1.6357156666666668
1674.0,9.145957000000001,20.41651933333333,1.6385153333333333
1675.0,9.175794,20.344485000000002,1.644482
1676.0,9.158254,20.386412,1.6438756666666665
1677.0,9.134976666666665,20.421289333333334,1.6362389999999998
1678.0,9.183556666666666,20.334958666666665,1.6416149999999998
1679.0,9.242782,20.540713999999998,1.637695
1680.0,9.163903333333332,20.390435666666665,1.6384319999999999
1681.0,9.192798,20.48575333333333,1.6656823333333335
1682.0,9.102333333333334,20.195026,1.69576
1683.0,9.205018,20.324727999999997,1.6402886666666667
1684.0,9.215681000000002,20.431929,1.640199
1685.0,9.203314,20.453449333333335,1.6450626666666668
1686.0,9.167940999999999,20.378625,1.6614659999999999
1687.0,9.205417666666667,20.34455133333333,1.6509053333333334
1688.0,9.203694333333333,20.377399,1.6459956666666666
1689.0,9.167697333333335,20.361544999999996,1.6522923333333335
1690.0,9.191150666666667,20.378758666666666,1.6379053333333333
1691.0,9.168143666666667,20.364384666666666,1.643756
1692.0,9.167227666666667,20.595431666666666,1.6329523333333336
1693.0,9.118616999999999,20.26751033333333,1.6373516666666668
1694.0,9.178140666666666,20.268840333333333,1.634222
1695.0,9.110846333333333,20.301364666666668,1.6334686666666667
1696.0,9.10923,20.268300666666665,1.644982333333333
1697.0,9.185197666666667,20.572141666666667,1.7624036666666667
1698.0,9.256925,20.428012666666664,1.6477353333333333
1699.0,9.163560333333335,20.451419333333334,1.636312
1700.0,9.241408,20.517287333333332,1.6552490000000002
1701.0,9.274551666666666,20.47492,1.6445420000000002
1702.0,9.254138333333334,20.488290333333335,1.6526053333333335
1703.0,9.237938,20.370388666666667,1.6507993333333335
1704.0,9.065642333333333,20.376838666666668,1.6432886666666668
1705.0,9.082756333333334,20.376282,1.6429223333333336
1706.0,9.061022666666668,20.278460666666664,1.6483956666666668
1707.0,9.059832666666667,20.351141333333334,1.6354819999999999
1708.0,9.050425333333331,20.446689666666668,1.645762666666667
1709.0,9.070186,20.274264333333335,1.6439823333333334
1710.0,9.174926999999999,20.479143333333333,1.6405853333333333
1711.0,9.279585666666668,20.219753333333333,1.652022333333333
1712.0,9.318275666666667,20.471236666666666,1.6428886666666667
1713.0,9.223868333333334,20.256714000000002,1.6572723333333335
1714.0,9.310929333333334,20.556334,1.6454993333333334
1715.0,9.181657333333334,20.364655,1.6448126666666667
1716.0,9.191371,20.370485666666667,1.6526653333333332
1717.0,9.196044,20.453546666666668,1.6466926666666666
1718.0,9.197494333333333,20.48517633333333,1.6406886666666665
1719.0,9.357506666666666,20.405151999999998,1.7349503333333332
1720.0,9.243405333333333,20.48591,1.6418053333333333
1721.0,9.154317,20.404991999999996,1.7448936666666668
1722.0,9.156906999999999,20.392032,1.6402326666666667
1723.0,9.038911666666666,20.295504666666666,1.6413623333333334
1724.0,8.967987333333332,20.286507333333333,1.6452090000000001
1725.0,9.037199000000001,20.522007333333335,1.6524590000000001
1726.0,9.176217,20.593081333333334,1.6512956666666667
1727.0,9.287135666666666,20.584037999999996,1.647022
1728.0,9.128646666666667,20.377542000000002,1.6569056666666668
1729.0,9.129736666666668,20.378635333333335,1.6452023333333334
1730.0,9.155553333333334,20.484940333333334,1.7535773333333333
1731.0,9.234488,20.491546666666668,1.640339
1732.0,9.233708333333334,20.556691333333333,1.643452
1733.0,9.182574333333333,20.462706333333333,1.6528156666666665
1734.0,9.181330666666668,20.473140333333333,1.71233
1735.0,9.249998333333332,20.120538666666665,1.6465626666666668
1736.0,9.250231999999999,20.2194,1.648072
1737.0,9.176290666666667,20.318611666666666,1.6400986666666668
1738.0,9.140306666666667,20.373675333333335,1.6384290000000001
1739.0,9.155507333333333,20.393382666666668,1.6556953333333333
1740.0,9.282479,20.548587333333334,1.7160633333333333
1741.0,9.350709666666667,20.541048,1.6381553333333334
1742.0,9.267025333333335,20.531891,1.6491056666666666
1743.0,9.301688666666667,20.463153333333334,1.7976843333333334
1744.0,9.075676333333334,20.301270666666667,1.636855
1745.0,9.046606000000002,20.307874333333334,1.6349586666666667
1746.0,9.020758666666667,20.200556666666667,1.6338856666666668
1747.0,9.153000333333333,20.236856666666668,1.6405623333333335
1748.0,9.224001666666666,20.44670233333333,1.6390090000000004
1749.0,9.297812333333333,20.482099666666667,1.6875426666666666
1750.0,9.190751,20.446589666666668,1.6407456666666667
1751.0,9.146203666666667,20.193946333333333,1.6407983333333334
1752.0,9.231015000000001,20.527164000000003,1.7785343333333332
1753.0,9.196027333333333,20.10432833333333,1.6516623333333333
1754.0,9.270292666666668,20.434325666666666,1.6442556666666668
1755.0,9.368836666666667,20.417776,1.6511623333333334
1756.0,9.222911666666667,20.467952666666665,23.309002000000003
1757.0,8.886564,19.668559333333334,1.655652
1758.0,9.128866333333333,20.301244666666665,1.6389190000000002
1759.0,9.131793333333334,20.129208333333334,1.6443290000000002
1760.0,9.173231,20.37048533333333,1.6383953333333334
1761.0,9.341162666666667,20.599832333333328,1.6968223333333334
1762.0,9.241430666666666,20.529394,1.7373366666666668
1763.0,9.404550666666667,20.330141666666666,1.6444716666666668
1764.0,9.293598666666668,20.47814633333333,1.744380666666667
1765.0,9.254572000000001,20.469503,1.7178566666666668
1766.0,9.182047333333331,20.311787666666667,1.6551953333333334
1767.0,9.218844333333331,20.325371333333333,1.6470026666666666
1768.0,9.321852333333334,20.41287266666667,1.6432156666666666
1769.0,9.262662,20.28172066666667,1.6546326666666669
1770.0,9.197470666666666,20.367732333333333,1.659069
1771.0,9.269648666666667,20.378199,1.6494023333333334
1772.0,9.179454333333334,20.313461,1.645039
1773.0,9.261598666666666,20.24754366666667,1.649239
1774.0,9.379707,20.465959333333334,1.6328723333333333
1775.0,9.246658,20.390768666666666,1.6403056666666667
1776.0,9.277469000000002,20.404022333333334,1.7475733333333334
1777.0,9.220554666666667,20.469413333333332,1.639062
1778.0,9.253805,20.46430966666667,1.6453316666666666
1779.0,9.312635666666665,20.272761,1.6498786666666667
1780.0,9.266318666666669,20.42097933333333,1.637759
1781.0,9.193544000000001,20.289177333333335,1.6475693333333332
1782.0,9.520455333333333,20.548627666666665,1.7188163333333335
1783.0,9.282905333333332,20.436826333333332,1.637965333333333
1784.0,9.290682666666667,20.418319333333333,1.7152396666666665
1785.0,9.460507999999999,20.397736,1.6467090000000002
1786.0,9.428131,20.338025,1.7594969999999999
1787.0,9.183264,20.439956,1.7374530000000001
1788.0,9.261582333333333,20.497797000000002,1.6461256666666666
1789.0,9.163674,20.23195,1.6462390000000002
1790.0,9.232844666666667,20.391652333333333,1.7001096666666669
1791.0,9.253398333333331,20.44292,1.647849
1792.0,9.197890999999998,20.392959,1.6446553333333334
1793.0,9.061466000000001,20.454196333333332,1.6510223333333334
1794.0,9.066229666666667,20.43187933333333,1.6446623333333334
1795.0,9.032832333333333,20.352894666666668,1.6836596666666666
1796.0,9.096873,20.426213,1.6518586666666666
1797.0,9.072279333333332,20.441849666666666,1.6410256666666667
1798.0,9.123380333333332,20.45321,1.6400123333333332
1799.0,9.108236333333332,20.47041333333333,1.655089
1800.0,9.165360333333334,20.470769666666666,1.690473
1801.0,9.124533666666666,20.413345666666668,1.6915193333333332
1802.0,9.082052333333332,20.304648,1.768324
1803.0,9.057085666666666,20.320274666666666,1.638859
1804.0,9.124789999999999,20.160985999999998,1.6414083333333334
1805.0,9.187811333333334,20.360692,1.644545
1806.0,9.060955666666667,20.46238,1.6406623333333332
1807.0,9.026548666666669,20.253650333333336,1.6364116666666666
1808.0,9.015095,20.214186666666667,1.6453256666666667
1809.0,9.000718333333333,20.286184000000002,1.6652293333333332
1810.0,9.126029333333333,20.186786,1.6513556666666667
1811.0,9.307242666666667,20.444486333333334,1.6358926666666667
1812.0,9.266728333333333,20.535494333333332,1.7757873333333334
1813.0,9.307792666666666,20.572794333333334,1.7309703333333335
1814.0,9.252062,20.450939333333334,1.7040166666666667
1815.0,9.259195333333334,20.485007,1.650289
1816.0,9.295899,20.482663333333335,1.6454823333333335
1817.0,9.213201,20.42079633333333,1.6432523333333335
1818.0,9.332895666666667,20.349071666666664,1.641732
1819.0,9.145736333333334,20.32398166666667,1.6501523333333334
1820.0,9.139314,20.332638,1.6727523333333334
1821.0,9.046308333333334,20.287161333333334,1.6372983333333335
1822.0,9.056072666666667,20.280094000000002,1.737194
1823.0,9.076189,20.193896666666664,1.6320286666666668
1824.0,9.104636666666666,20.309220999999997,1.6365953333333332
1825.0,8.983694666666667,20.236500333333336,1.7585336666666667
1826.0,8.998068666666667,20.462999333333332,1.7259166666666668
1827.0,9.197374666666667,20.481849666666665,1.6465223333333334
1828.0,9.352133,20.403542333333334,1.71464
1829.0,9.759228666666667,20.360924999999998,1.7746276666666667
1830.0,9.276032,20.497370333333333,1.7971743333333334
1831.0,9.263828,20.485660333333332,1.6480783333333333
1832.0,9.245344666666666,20.430866333333334,1.6495623333333331
1833.0,9.165277000000001,20.445229666666666,1.6429753333333335
1834.0,9.184727666666667,20.262240666666667,1.7393603333333332
1835.0,9.204664333333334,20.405809333333334,1.6544923333333335
1836.0,9.191387333333333,20.38147533333333,1.7425033333333333
1837.0,9.086516333333334,20.345644666666665,1.6570356666666666
1838.0,9.087418999999999,20.26595433333333,1.647079
1839.0,9.114703333333333,20.491763333333335,1.8090176666666666
1840.0,9.020368333333332,20.448159666666665,1.7553366666666668
1841.0,9.121043333333333,20.344491333333334,1.7844776666666666
1842.0,9.097053333333333,20.298447666666664,1.639392
1843.0,9.101089666666667,20.245127,1.7708306666666667
1844.0,9.018429,20.311007333333333,1.636972
1845.0,9.155484,20.488013,1.6436089999999999
1846.0,9.377367000000001,20.334514666666667,1.6545623333333335
1847.0,9.275995333333334,20.527930666666666,1.6476123333333332
1848.0,9.172150666666667,20.439169333333332,1.6526456666666667
1849.0,9.176010666666668,20.46913,1.6540486666666665
1850.0,9.215964999999999,20.457162666666665,1.7055533333333333
1851.0,9.192687333333332,20.343571999999998,1.6475023333333334
1852.0,9.168196666666667,20.453256666666665,1.635652333333333
1853.0,9.123717,20.315477666666666,1.6511753333333334
1854.0,9.139510333333332,20.391211666666667,1.6453383333333331
1855.0,9.167743666666667,20.362399,1.6447823333333333
1856.0,9.228601333333332,20.394188666666665,1.645886
1857.0,9.213801333333333,20.572751,1.6365256666666668
1858.0,9.210867666666667,20.257690333333333,1.6418826666666668
1859.0,9.320932666666666,20.435706,1.6426893333333332
1860.0,9.284095333333333,20.454189666666668,1.6398726666666665
1861.0,9.304625666666668,20.466749333333333,1.7643839999999997
1862.0,9.145996666666667,20.402079,1.638642
1863.0,9.120100333333333,20.328271333333333,1.6381953333333332
1864.0,9.060735666666666,20.347665000000003,1.6450889999999998
1865.0,9.023365,20.345508,1.6431023333333332
1866.0,9.043039,20.398412333333336,1.7158466666666667
1867.0,9.099539666666667,20.361489000000002,1.6402383333333332
1868.0,9.286448666666667,20.493980333333337,1.6524623333333335
1869.0,9.15987,20.46894966666667,1.6980733333333333
1870.0,9.170411,20.565467666666667,1.6937293333333334
1871.0,9.243208000000001,20.399575666666667,1.6564393333333332
1872.0,9.198904333333333,20.516464,1.6555353333333331
1873.0,9.204207666666667,20.46493033333333,1.6463086666666669
1874.0,9.264368333333334,20.43820666666667,1.7325666666666668
1875.0,9.075222,20.261653666666664,1.6405986666666668
1876.0,9.056846,20.142048666666668,1.6437886666666668
1877.0,9.035829333333334,20.293324333333334,1.633532
1878.0,9.051259333333334,20.24309033333333,1.642946
1879.0,9.417640666666665,20.506404,1.6503653333333332
1880.0,9.067819,20.345451333333333,1.6352686666666667
1881.0,9.15394,20.478207,1.6444423333333333
1882.0,9.028015000000002,20.357151666666667,1.7026963333333331
1883.0,9.115349666666667,20.416472,1.6440486666666665
1884.0,9.025928666666667,20.340621333333335,1.6817363333333333
1885.0,8.982591666666666,20.169765666666667,1.6492259999999999
1886.0,9.055732,20.41528633333333,1.6368049999999998
1887.0,8.976561333333333,20.187976000000003,1.6430556666666665
1888.0,8.996598,19.959542666666664,1.726627
1889.0,9.191034,20.399179,1.6453323333333334
1890.0,9.141363,20.379852,1.71595
1891.0,9.128123,20.438129666666665,1.6489656666666666
1892.0,9.180034,20.384282,1.6395586666666666
1893.0,9.160360333333333,20.330758333333335,1.730787
1894.0,9.201420666666666,20.477273333333333,1.6893563333333332
1895.0,9.202841000000001,20.459233666666666,1.645332
1896.0,9.176997333333334,20.564494666666665,1.6347353333333334
1897.0,9.063955666666667,20.355735,1.641209
1898.0,9.036951666666667,20.18977333333333,1.629522
1899.0,9.097716666666669,20.419985333333333,1.6415356666666667
1900.0,9.048919,20.20447333333333,1.6387049999999999
1901.0,9.194730333333334,20.419693,1.6404086666666666
1902.0,9.038708333333334,20.25989733333333,1.6423853333333334
1903.0,9.084132333333333,20.437436333333334,1.7761076666666666
1904.0,9.173734333333334,20.465693666666667,1.6464886666666665
1905.0,9.218168333333333,20.497580333333335,1.6469356666666668
1906.0,9.004435,20.26105366666667,1.7322503333333332
1907.0,9.172204,20.47061666666667,1.6438786666666667
1908.0,9.176864,20.407669000000002,1.642866
1909.0,9.153076666666667,20.430132666666665,1.7454203333333334
1910.0,9.195327666666667,20.21804333333333,1.6450056666666668
1911.0,9.182377333333333,20.432423,1.6558723333333332
1912.0,9.212337666666667,20.388462333333333,1.6425753333333333
1913.0,9.203877333333333,20.405009333333336,1.6472689999999999
1914.0,9.363889666666665,20.259314,1.6538190000000002
1915.0,9.189330333333332,20.425206,1.6460489999999999
1916.0,9.171590666666667,20.527580666666665,1.6512253333333333
1917.0,9.049401999999999,20.304090666666667,1.640599
1918.0,9.007301666666665,20.255870666666667,1.6425653333333334
1919.0,9.061632666666666,20.355661666666666,1.8281143333333334
1920.0,9.016698333333332,20.406831999999998,1.6452623333333334
1921.0,9.071082333333331,20.425966333333335,1.6462853333333334
1922.0,9.142337333333334,20.53266066666667,1.6865426666666667
1923.0,9.144476666666668,20.462297,1.6405353333333332
1924.0,9.183300333333333,20.585648,1.6512293333333332
1925.0,9.205994333333335,20.561958333333333,1.6462486666666667
1926.0,9.155614,20.392242,1.650949
1927.0,9.187504,20.463733,1.6564856666666667
1928.0,9.165514333333334,20.454963000000003,1.73635
1929.0,9.174647,20.527700999999997,1.6463016666666668
1930.0,9.458608,20.456536666666665,1.707643
1931.0,9.223558333333335,20.55673733333333,1.6414456666666666
1932.0,9.262661666666666,20.28636733333333,1.6500756666666667
1933.0,9.291692000000001,20.508937,1.688453
1934.0,9.267788333333334,20.46948,1.747954
1935.0,9.277282000000001,20.42455933333333,1.6402089999999998
1936.0,9.245781666666668,20.488897,1.6403290000000001
1937.0,9.392330333333334,20.498656666666665,1.6428019999999999
1938.0,9.243875,20.49761666666667,1.6417623333333333
1939.0,9.208427666666665,20.416792666666666,1.8003710000000002
1940.0,9.239244666666666,20.404536000000004,1.641272
1941.0,9.177471,20.468273333333332,1.8002743333333333
1942.0,9.067662333333333,20.284434333333333,1.6442483333333333
1943.0,8.993605,20.327264666666665,1.647749
1944.0,8.975014333333332,20.315881,1.632922
1945.0,8.985244666666667,20.176638999999998,1.6756023333333332
1946.0,8.951154,20.019810666666668,1.639892
1947.0,9.074702666666667,20.234333666666668,1.644915
1948.0,9.158754333333334,20.208029333333332,1.762727
1949.0,9.286389,20.485463333333332,1.641039
1950.0,9.336046666666666,20.306843999999998,1.6505786666666669
1951.0,9.195997666666669,20.542271000000003,1.6410390000000001
1952.0,9.186711,20.470433333333336,1.6434723333333332
1953.0,9.098853,20.361822333333333,1.6455853333333332
1954.0,9.149613333333333,20.512621,1.6372416666666665
1955.0,9.225791666666668,20.44582266666667,1.6428023333333333
1956.0,9.077235666666667,20.438616666666665,1.6389753333333335
1957.0,9.048862333333332,20.379576,1.6489983333333333
1958.0,9.032421999999999,20.442389333333335,1.6401856666666668
1959.0,9.107919666666666,20.52178066666667,1.6536030000000002
1960.0,9.165004000000001,20.633835333333334,1.651206
1961.0,9.085475666666667,20.416056333333334,1.747454
1962.0,9.092609333333334,20.230180333333333,1.7384296666666668
1963.0,9.339673,20.587565,1.7739643333333335
1964.0,9.306033,20.457426,1.6973863333333334
1965.0,9.381583666666666,20.616881666666668,1.6463153333333331
1966.0,9.326439333333333,20.464546333333335,1.7381339999999998
1967.0,9.259772,20.453576333333334,1.6428323333333334
1968.0,9.336922999999999,20.43798633333333,1.730317
1969.0,9.293202333333333,20.433133,1.6449823333333333
1970.0,9.319932999999999,20.486443333333334,1.724986666666667
1971.0,9.268521999999999,20.342135,1.6679496666666669
1972.0,9.37464,20.451420000000002,1.6535186666666666
1973.0,9.291225333333333,20.357552,1.6490653333333334
1974.0,9.305889,20.515167333333334,1.651468666666667
1975.0,9.328752666666666,20.437476333333333,1.643992
1976.0,9.344582666666668,20.530537999999996,1.6485286666666665
1977.0,9.182500666666666,20.262944,1.6458653333333333
1978.0,9.148034,20.200626333333332,1.6365456666666667
1979.0,9.146430666666667,20.35906466666667,1.648206
1980.0,9.309059333333332,20.233196666666664,1.6459489999999999
1981.0,9.304459000000001,20.337938666666666,1.637702
1982.0,9.356589666666666,20.439912666666668,1.6379056666666667
1983.0,9.308499,20.245797,1.645099
1984.0,9.309492666666666,20.594541333333336,2.846902
1985.0,9.186607666666667,20.487776666666665,1.6388793333333334
1986.0,9.173824333333334,20.289527666666668,1.6572423333333333
1987.0,9.238551333333334,20.544787666666668,1.648376
1988.0,9.182764333333333,20.47129633333333,1.644109
1989.0,9.296864999999999,20.490506999999997,1.649652
1990.0,9.169451,20.408396,1.6390683333333331
1991.0,9.155340333333333,20.414995666666666,1.6482283333333332
1992.0,9.188531000000001,20.467647,1.6469319999999998
1993.0,9.263808666666668,20.568164333333332,1.7411070000000002
1994.0,9.279052,20.458626666666664,1.653332
1995.0,9.213811333333332,20.513144,1.7863806666666668
1996.0,9.195024333333334,20.524987666666664,1.6939596666666665
1997.0,9.195500333333333,20.490557,1.6575630000000003
1998.0,9.248494666666668,20.52609766666667,1.7388603333333332
1999.0,9.295312333333333,20.428963,1.6544053333333333
2000.0,9.318949333333334,20.504363666666666,1.6500190000000001
2001.0,9.088786,20.346138333333332,1.7425836666666668
2002.0,9.075622333333333,20.348202,1.639869
2003.0,9.10793,20.319717999999998,1.678856
2004.0,9.250414999999998,20.302061,1.6511423333333333
2005.0,9.293092333333332,20.332671,1.6456926666666665
2006.0,9.323546,20.458693,1.72272
2007.0,9.366660000000001,20.505267333333332,1.648379
2008.0,9.243124666666667,20.485166666666665,1.6452326666666668
2009.0,9.263511666666666,20.574588000000002,1.655605666666667
2010.0,9.184801,20.401934999999998,1.648062666666667
2011.0,9.234337666666667,20.540088,1.6440323333333333
2012.0,9.221995,20.461163,1.6413453333333334
2013.0,9.172486666666666,20.367155666666665,1.6494956666666667
2014.0,9.131323,20.470207,1.6410523333333333
2015.0,9.185094,20.544641000000002,1.6421353333333333
2016.0,9.202870666666668,20.47269633333333,1.6967359999999998
2017.0,9.492434666666666,20.339981666666667,1.7207403333333335
2018.0,9.262775,20.49858066666667,1.637719
2019.0,9.236548333333333,20.406355666666666,1.7477540000000003
2020.0,9.224447666666668,20.402469666666665,1.650892
2021.0,9.257462333333335,20.50893333333333,1.7516169999999998
2022.0,9.133976666666667,20.370228333333333,1.7412366666666665
2023.0,9.061585666666666,20.112245,1.6434223333333335
2024.0,9.168460666666668,20.458056666666668,1.6376583333333334
2025.0,9.141413666666667,20.189265666666667,1.655219
2026.0,9.130706666666667,20.415682333333333,1.6375386666666667
2027.0,9.089215999999999,20.476570333333335,1.6391286666666665
2028.0,9.146770666666667,20.541944333333333,1.6405553333333334
2029.0,9.158256999999999,20.320684333333332,1.6477256666666664
2030.0,9.144590666666666,20.335855,1.6438383333333333
2031.0,9.087729666666666,20.223916666666664,1.758984
2032.0,9.116072666666668,20.240260333333335,1.643889
2033.0,9.164614,20.34441166666667,1.6452823333333333
2034.0,9.270142,20.514217000000002,1.6406593333333335
2035.0,9.189964000000002,20.390732333333336,1.652639
2036.0,9.302825666666669,20.558211,1.705643
2037.0,9.296472,20.456072666666667,1.6407326666666666
2038.0,9.248428333333333,20.46733,1.6431156666666666
2039.0,9.151446666666667,20.400419,1.7356133333333332
2040.0,9.147440000000001,20.27947133333333,1.639422
2041.0,9.070046,20.429556,1.6362256666666666
2042.0,8.998954666666668,20.172019000000002,1.6392123333333333
2043.0,9.019655333333333,20.117521666666665,1.743017
2044.0,9.138523666666666,20.356961666666667,1.9321163333333333
2045.0,9.152766999999999,20.43548266666667,1.6404626666666668
2046.0,9.244508333333334,20.21843966666667,1.6409289999999999
2047.0,9.149380333333333,20.273754,1.7319136666666666
2048.0,9.171267333333333,20.489427000000003,1.7708469999999998
2049.0,9.120263333333334,20.378568666666666,1.652226
2050.0,9.105463,20.458636666666667,1.7335133333333335
2051.0,9.133602999999999,20.542158,1.7291433333333333
2052.0,8.964781333333333,20.232950333333335,1.640102
2053.0,9.010565,19.924412333333333,1.6551223333333331
2054.0,9.180801,20.297107333333333,1.641309
2055.0,9.239472,20.324071,1.6453090000000001
2056.0,9.249805333333335,20.294534000000002,1.7442533333333337
2057.0,9.214154666666667,20.360005333333334,1.6483990000000002
2058.0,9.217694666666667,20.132872000000003,1.6452993333333332
2059.0,9.310285666666665,20.506654,1.849681666666667
2060.0,9.285528666666666,20.362288666666668,1.6919293333333334
2061.0,9.180900333333332,20.261507333333338,1.6535123333333333
2062.0,9.227108000000001,20.353714999999998,1.6404926666666668
2063.0,9.169464,20.322638,1.6422523333333334
2064.0,9.134183333333334,20.314634666666667,1.642375333333333
2065.0,9.176423666666667,20.20405333333333,1.6428386666666668
2066.0,8.966918,20.338345,1.7348396666666668
2067.0,8.930950333333334,20.200726666666668,1.641269
2068.0,8.958277666666667,20.239560333333333,1.6372053333333334
2069.0,8.977738333333333,20.176906,1.6381423333333334
2070.0,9.214098333333332,20.283914,1.6446886666666665
2071.0,9.130892999999999,20.414573,1.6365020000000001
2072.0,9.015064666666667,20.094272,1.6416886666666668
2073.0,9.170427333333334,20.32966466666667,1.645442
2074.0,9.149320333333334,20.235746666666667,1.641032
2075.0,9.009974999999999,20.253304,1.6503120000000002
2076.0,9.019638666666667,20.283430666666664,1.640009
2077.0,9.016288333333334,20.182359666666667,1.655079
2078.0,9.209078333333332,20.451359333333333,1.6391993333333332
2079.0,9.324642333333335,20.346252333333336,1.640112
2080.0,9.184827333333335,20.326378000000002,1.652915666666667
2081.0,9.205251333333331,20.47745666666667,1.6393656666666665
2082.0,9.196405,20.364821333333335,1.648642
2083.0,9.305231999999998,20.521494,1.6780423333333332
2084.0,9.317299,20.432755999999998,1.6670126666666665
2085.0,9.287558666666667,20.587821333333334,1.6442823333333332
2086.0,9.260431666666667,20.468766333333335,1.6478589999999997
2087.0,9.283872,20.426722333333334,1.641449
2088.0,9.049165,20.39770233333333,1.6470686666666665
2089.0,9.017758666666666,20.324011,1.635995
2090.0,9.084952333333334,20.431619666666666,1.6475256666666667
2091.0,9.095859333333333,20.407459333333335,1.6409453333333335
2092.0,9.130553333333333,20.495440666666667,1.6931626666666668
2093.0,9.12102,20.391358999999998,1.6452223333333336
2094.0,9.13264,20.397842333333333,1.7968443333333333
2095.0,9.054556,20.330714333333333,1.6455019999999998
2096.0,9.104469333333334,20.405226,1.6427249999999998
2097.0,9.096839666666666,20.39112866666667,1.6481726666666667
2098.0,9.090936000000001,20.185799333333335,1.6406789999999998
2099.0,9.143267,20.333941666666664,1.6435589999999998
2100.0,9.190621,20.53699433333333,1.6909493333333334
2101.0,9.171741,20.433719,1.7054599999999998
2102.0,9.265401666666667,20.50876733333333,1.8283246666666664
2103.0,9.115626333333333,20.401652000000002,1.6464093333333334
2104.0,9.098056000000001,20.39251266666667,1.641592
2105.0,9.058095666666668,20.227190000000004,1.6460190000000001
2106.0,9.153367000000001,20.492504,1.6454953333333335
2107.0,9.119496333333334,20.197663,1.7387766666666666
2108.0,9.151733333333333,20.44721966666667,1.6458190000000001
2109.0,9.077809,20.38309866666667,1.6435089999999999
2110.0,9.159883666666667,20.414302666666668,1.7141
2111.0,9.061459000000001,20.409921999999998,1.6451293333333332
2112.0,9.055992666666667,20.429089333333334,1.642849
2113.0,9.011791666666666,20.176016333333333,1.686176
2114.0,9.113843000000001,20.333118,1.7396463333333336
2115.0,9.120622666666666,20.303537666666667,1.6410883333333333
2116.0,9.261424666666667,20.300194333333334,1.6435823333333335
2117.0,9.113466333333333,20.301471,1.6456290000000002
2118.0,9.298502,20.415226,1.6463053333333333
2119.0,9.183207333333334,20.434646,1.6479086666666667
2120.0,9.217607333333333,20.415812666666667,1.6588690000000001
2121.0,9.259411666666667,20.47556966666667,1.6558926666666667
2122.0,9.294068666666666,20.52722066666667,1.6508393333333335
2123.0,9.289938999999999,20.53967666666667,1.7455706666666668
2124.0,9.274278333333333,20.594411333333333,1.7333896666666668
2125.0,9.266388666666666,20.62808133333333,1.6478626666666667
2126.0,9.172367,20.460619666666663,1.6568959999999997
2127.0,9.199867666666668,20.344337999999997,1.6491756666666666
2128.0,9.075126333333333,20.352614666666668,1.6517086666666667
2129.0,9.074896,20.357841000000004,1.648859
2130.0,9.044862333333333,20.276113333333335,1.6437460000000002
2131.0,9.204348000000001,20.340354666666666,1.7018896666666665
2132.0,9.066959333333335,20.470369333333334,1.6470823333333333
2133.0,9.281628666666665,20.346124666666668,1.646336
2134.0,9.120093333333335,20.460962666666664,1.6565123333333336
2135.0,9.192447333333334,20.564438,1.6556453333333334
2136.0,9.330882666666668,20.57082133333333,1.6526353333333332
2137.0,9.252611333333334,20.55181066666667,1.7386303333333333
2138.0,9.234611,20.50013,1.6545123333333331
2139.0,9.189077666666668,20.509166333333333,1.6490086666666668
2140.0,9.468154,20.512767333333333,1.6560023333333334
2141.0,9.232321666666667,20.373748,1.7408436666666667
2142.0,9.186770666666666,20.322371,1.6586826666666665
2143.0,9.338683333333334,20.613054666666667,1.652439
2144.0,9.323722333333334,20.417395666666668,1.6468589999999999
2145.0,9.417003666666668,20.57702433333333,1.6559556666666666
2146.0,9.427610333333332,20.443319333333335,1.7263903333333335
2147.0,9.198797999999998,20.41255866666667,1.6541893333333333
2148.0,9.113576666666665,20.33723133333333,1.6447653333333332
2149.0,9.065862000000001,20.135362333333333,1.713183
2150.0,9.025465333333335,20.245236666666667,1.637579
2151.0,9.068615333333334,20.318717333333336,1.634482
2152.0,9.206750666666666,20.515944,1.6253753333333332
2153.0,9.178357,20.492540333333334,1.6282216666666667
2154.0,9.219701,20.488043666666666,1.628078666666667
2155.0,9.232268,20.4901,1.6315623333333333
2156.0,9.184580666666667,20.457709333333334,1.630542
2157.0,9.154196999999998,20.418256333333336,1.6431853333333333
2158.0,9.191874333333333,20.44382933333333,1.6240686666666668
2159.0,9.267778333333334,20.415105999999998,1.7332703333333335
2160.0,9.131303666666668,20.379755333333332,1.6407016666666667
2161.0,9.114166333333332,20.314387999999997,1.6402986666666666
2162.0,9.049039333333333,20.223116333333333,1.634949
2163.0,9.143513666666669,20.45997266666667,1.6421886666666667
2164.0,9.040011999999999,20.375638666666664,1.7062693333333332
2165.0,8.995515333333332,20.325260666666665,1.6389556666666667
2166.0,8.936060333333332,20.401365333333334,1.6260123333333334
2167.0,8.936737333333333,20.41854566666667,1.6288753333333332
2168.0,8.947314333333333,20.301030666666666,1.6312119999999999
2169.0,9.11098,20.344547333333335,1.629842
2170.0,8.964604333333332,20.205112999999997,1.6353919999999997
2171.0,8.959817666666666,20.055896999999998,1.636048333333333
2172.0,8.949487333333332,20.125638666666667,1.6310223333333334
2173.0,9.006685333333332,20.31892433333333,1.7640206666666665
2174.0,9.134953666666666,20.386982,1.6647793333333334
2175.0,9.064842,20.240663333333334,1.6370586666666667
2176.0,9.223245,20.391888333333334,1.6322353333333333
2177.0,9.298928666666667,20.515170666666666,1.7343169999999999
2178.0,9.187610666666666,20.308887000000002,1.6499896666666667
2179.0,9.284991666666668,20.494856666666667,1.7107996666666665
2180.0,9.221714666666665,20.403308999999997,1.6356616666666668
2181.0,9.166874,20.38971533333333,1.6311183333333332
2182.0,9.214907666666667,20.460189333333332,1.6368853333333335
2183.0,9.283959333333334,20.645838666666666,1.619745
2184.0,9.178481,20.644372,2.781390666666667
2185.0,9.183011,20.448359333333332,1.6321616666666667
2186.0,9.087559333333333,20.562000666666666,1.694553
2187.0,9.200137666666668,20.444539666666667,1.634072
2188.0,9.252594666666667,20.548257,1.6290556666666667
2189.0,9.140963333333334,20.507596666666668,1.6294116666666667
2190.0,9.102692333333334,20.458579666666665,1.6282253333333336
2191.0,9.192620666666668,20.533813666666664,1.6298723333333334
2192.0,9.068902333333332,20.409848999999998,1.625932
2193.0,9.170446666666669,20.500150666666666,1.631532
2194.0,9.240528666666666,20.55652733333333,1.683586
2195.0,9.288712333333335,20.603387666666666,1.6256390000000003
2196.0,9.226624,20.594495,1.6252753333333334
2197.0,9.265604666666666,20.559087666666667,1.626512
2198.0,9.311942333333334,20.419582333333334,1.7621939999999998
2199.0,9.432784,20.701859000000002,1.8356113333333333
2200.0,9.203680666666665,20.514037,1.6315190000000002
2201.0,9.233845,20.664019333333332,1.626495
2202.0,9.114789666666667,21.344511,1.6402956666666666
2203.0,9.118387,20.52701666666667,1.6342353333333335
2204.0,9.093725999999998,20.342934666666665,1.6263983333333332
2205.0,9.096736666666667,20.467343,1.708829
2206.0,9.268368666666666,20.46087633333333,1.7236063333333334
2207.0,9.243284666666668,20.573671333333333,1.72241
2208.0,9.306122333333334,20.707326666666663,1.6730023333333335
2209.0,9.245214666666667,20.507947,1.6316686666666664
2210.0,9.450737666666667,20.971669666666667,1.6288123333333333
2211.0,9.240288,21.279427333333334,1.6358053333333336
2212.0,9.155137,20.484976333333336,1.6250356666666665
2213.0,9.034915333333332,20.459106000000002,93.09568033333333
2214.0,8.928790333333334,19.620845000000003,1.6551290000000003
2215.0,9.201077666666668,20.535904000000002,1.6316723333333334
2216.0,9.110816999999999,20.294000333333333,1.6264616666666667
2217.0,9.135856333333335,20.502533666666665,1.6330186666666666
2218.0,9.173860666666668,20.377928333333333,1.634012
2219.0,9.286422,20.383945,1.6347753333333335
2220.0,9.289685333333333,20.61375466666667,1.628222
2221.0,9.258535,20.553970666666668,1.6251453333333334
2222.0,9.227091666666666,20.609801666666666,1.6200253333333332
2223.0,9.129386333333334,20.51277366666667,1.624429
2224.0,8.985415,20.331998,1.6347953333333332
2225.0,8.976267666666667,20.380421666666667,1.6967590000000001
2226.0,9.187280666666666,20.560387666666667,1.6296086666666667
2227.0,9.346376000000001,20.692029666666667,1.6326486666666664
2228.0,9.317639333333332,20.621835,1.6279683333333332
2229.0,9.230577666666667,20.576111,1.6262586666666667
2230.0,9.227491,20.666073,1.7331066666666668
2231.0,9.104979666666667,20.45199966666667,1.6323753333333333
2232.0,8.958601333333334,20.355214666666665,1.6706493333333334
2233.0,8.993774666666667,20.395998666666667,1.626412
2234.0,9.179800666666667,20.466423333333335,1.7034529999999999
2235.0,9.115923,20.489710000000002,1.623062
2236.0,9.044299,20.512496666666667,1.630845
2237.0,9.130753333333333,20.475276333333333,1.6285483333333335
2238.0,9.200961333333334,20.55399733333333,1.6772156666666664
2239.0,9.079645666666666,20.425599333333334,1.6249786666666666
2240.0,9.139650333333334,20.548624,1.629589
2241.0,9.174853333333333,20.47697666666667,1.6269116666666665
2242.0,9.162306666666666,20.53476433333333,1.6313186666666668
2243.0,9.111236666666668,20.48946666666667,1.6227223333333332
2244.0,9.033188,20.459623333333333,1.6712293333333335
2245.0,9.014674666666668,20.352264666666667,1.6275086666666667
2246.0,9.112100333333332,20.469159333333334,1.6314053333333334
2247.0,9.116339666666667,20.378941666666666,1.6248416666666667
2248.0,9.146740333333334,20.440949,1.7267503333333334
2249.0,9.210767333333333,20.564058000000003,1.6289086666666666
2250.0,9.194560666666666,20.535163999999998,1.6255453333333332
2251.0,9.114276333333333,20.519110666666666,1.6280386666666666
2252.0,9.194494333333333,20.612527999999998,1.6252153333333332
2253.0,9.138103666666668,20.554153666666668,1.7130933333333331
2254.0,9.161803333333333,20.48257333333333,1.6230419999999999
2255.0,9.106473,20.51599033333333,1.6328120000000002
2256.0,9.178104333333332,20.55055366666667,1.628672
2257.0,9.055086000000001,20.409648666666666,1.6654723333333334
2258.0,9.054128666666665,20.443405666666667,1.624479
2259.0,9.138789666666666,20.383892,1.6283849999999997
2260.0,9.116839666666666,20.52313066666667,1.6283823333333334
2261.0,9.376580333333333,20.735069666666664,1.6244953333333332
2262.0,9.181720333333333,20.344208666666667,1.6345219999999998
2263.0,9.097079333333333,20.28554733333333,1.6279753333333333
2264.0,9.312379000000002,20.710736333333333,1.623419
2265.0,9.131146333333334,20.552781,1.6270916666666668
2266.0,9.111816666666668,20.490292999999998,1.624619
2267.0,9.045882333333333,20.432759,1.6318486666666665
2268.0,9.311302,20.664782333333335,1.6286786666666666
2269.0,9.294642333333334,20.447319333333333,1.6612193333333334
2270.0,9.199067333333334,20.55560433333333,1.7710943333333333
2271.0,9.144593666666667,20.525417,1.699406
2272.0,9.265251999999998,20.62834833333333,1.629702
2273.0,9.286604666666666,20.552274,1.6250583333333335
2274.0,9.068329333333333,20.428579,1.6225616666666667
2275.0,9.218300666666666,20.119885666666665,1.630915
2276.0,9.158143666666668,20.415798666666664,1.6326026666666669
2277.0,9.319942,20.503933666666665,1.6364486666666667
2278.0,9.073929333333334,20.455522666666667,1.6242886666666667
2279.0,9.212191333333335,20.60857833333333,1.6344853333333333
2280.0,9.230128,20.608698,1.6336713333333333
2281.0,9.287045333333333,20.467389999999998,1.7393936666666667
2282.0,9.294322333333334,20.626618333333337,1.6259423333333334
2283.0,9.217937666666666,20.554154333333333,1.6349349999999998
2284.0,9.117646666666667,20.476512666666668,1.6311289999999998
2285.0,9.179803666666666,20.46683966666667,1.6250479999999998
2286.0,9.032972,20.280507,1.6256823333333335
2287.0,9.200104333333334,20.607721666666666,1.628519
2288.0,9.194720666666667,20.38690833333333,1.634245
2289.0,9.188737333333334,20.592288,1.6215516666666667
2290.0,9.224881333333334,20.564794333333335,1.6265749999999999
2291.0,9.317682333333332,20.629062,1.684569
2292.0,9.202601333333332,20.584784333333335,1.6386820000000002
2293.0,9.113379666666667,20.580421333333334,1.665586
2294.0,9.072305333333333,20.490473666666666,1.6309523333333333
2295.0,9.228778,20.567594333333332,1.7499336666666665
2296.0,9.144193999999999,20.61201133333333,1.6305253333333332
2297.0,9.173574,20.517723666666665,1.719
2298.0,9.303512,20.704389666666668,1.7091133333333335
2299.0,9.216664333333334,20.633165333333334,1.6264450000000001
2300.0,9.090636,20.432822333333334,1.626472
2301.0,9.053962333333333,20.457246,1.6333086666666665
2302.0,9.265871333333335,20.53109733333333,1.631512
2303.0,9.289395666666666,20.44707633333333,1.6298050000000002
2304.0,9.173300333333334,20.36474133333333,1.6145853333333333
2305.0,9.263191666666666,20.624395000000003,1.6284216666666669
2306.0,9.137343,20.566378,1.6231783333333334
2307.0,9.025324666666668,20.526577,1.6309523333333331
2308.0,8.977731666666665,20.470336333333332,1.6243886666666665
2309.0,9.139643,20.533867333333333,1.6285186666666667
2310.0,9.321596,20.644432000000002,1.637776
2311.0,9.220450999999999,20.494880666666667,1.6324086666666666
2312.0,9.191780666666666,20.604915,1.6301820000000002
2313.0,9.339819666666667,20.672182333333335,1.6231486666666666
2314.0,9.319002333333334,20.705406333333332,1.6264256666666668
2315.0,9.108414000000002,20.313863666666666,1.6216653333333333
2316.0,9.131319666666666,20.57005433333333,1.6255916666666668
2317.0,9.105876333333333,20.539440666666668,1.6261886666666665
2318.0,9.139933666666666,20.52669033333333,1.6161223333333332
2319.0,9.073588666666666,20.506170333333333,1.6291953333333333
2320.0,9.196457333333335,20.574741,1.6239316666666668
2321.0,9.366793,20.700089666666667,1.6313486666666668
2322.0,9.266074666666666,20.705529666666667,1.6264286666666667
2323.0,9.173231,20.54534,1.6484253333333332
2324.0,9.130249666666666,20.525744,1.628272
2325.0,9.064449,20.457436,1.6300186666666667
2326.0,9.162127333333334,20.578157666666666,1.6789426666666667
2327.0,9.117299666666668,20.4525,1.6223316666666667
2328.0,9.143790333333333,20.521290333333337,1.6300553333333336
2329.0,9.183276999999999,20.550787333333332,1.6324986666666668
2330.0,9.203250333333331,20.609195333333332,1.8093810000000001
2331.0,9.083815666666666,20.405525666666666,1.7207
2332.0,9.055488666666667,20.29810433333333,1.6214016666666666
2333.0,9.056599333333333,20.461112333333336,1.6203450000000001
2334.0,9.001368,20.384932000000003,1.6283919999999998
2335.0,9.064628666666666,20.425722333333336,1.622212
2336.0,9.093206666666667,20.475532666666666,1.6340153333333334
2337.0,9.322545666666667,20.620092000000003,1.6301786666666667
2338.0,9.314542333333334,20.435212999999997,1.6364123333333334
2339.0,9.340682666666666,20.685582666666665,1.6310423333333333
2340.0,9.315912333333333,20.692256,1.627375
2341.0,9.255535,20.419059333333333,1.6304020000000001
2342.0,9.267092,20.704493,1.6266083333333334
2343.0,9.161523333333333,20.544350666666666,1.6217820000000003
2344.0,9.134146666666666,20.527847666666666,1.6272883333333334
2345.0,9.236364333333334,20.42635866666667,1.6276886666666666
2346.0,9.211100666666667,20.470903333333332,1.6232916666666668
2347.0,9.198678000000001,20.548367333333335,1.6315323333333334
2348.0,9.099929666666666,20.513757,1.625722
2349.0,9.006044666666666,20.233729666666665,1.6271856666666666
2350.0,9.199484333333332,20.505913666666665,1.7155836666666666
2351.0,9.345416333333333,20.582521,1.628782
2352.0,9.247844666666666,20.576024666666665,1.6294216666666665
2353.0,9.112512666666666,20.420456,1.6413719999999998
2354.0,9.078692333333334,20.259714,1.6305586666666667
2355.0,9.297532,20.663092000000002,1.6186653333333334
2356.0,8.977714333333333,20.190412666666667,1.627152
2357.0,9.022688333333333,20.27153733333333,1.6300916666666667
2358.0,9.213707666666666,20.55579033333333,1.6774133333333332
2359.0,9.201004333333334,20.545147000000004,1.6274753333333332
2360.0,9.299375666666668,20.536444,1.6250286666666665
2361.0,9.425754333333332,20.585114333333333,1.630162
2362.0,9.220841,20.634611666666668,1.628869
2363.0,9.190394666666668,20.473842333333334,1.622045
2364.0,9.040981666666667,20.413109333333335,1.6241886666666667
2365.0,9.098526333333332,20.403702,1.627592
2366.0,9.12466,20.459309333333334,1.6206353333333332
2367.0,9.155686333333334,20.415595666666665,1.6319523333333334
2368.0,9.263722,20.64126566666667,1.6236813333333335
2369.0,9.261684666666666,20.493070333333335,1.6259216666666667
2370.0,9.334023,20.641855666666668,1.6233449999999998
2371.0,9.230707666666667,20.621302,1.626972
2372.0,9.235748,20.367985,1.6347486666666668
2373.0,9.246495,20.585801,1.622085
2374.0,9.154700666666669,20.573631,1.6308619999999998
2375.0,9.15122,20.542800666666665,1.6161716666666666
2376.0,9.142263999999999,20.585187666666666,1.621532
2377.0,9.114686666666666,20.219996,1.6228620000000002
2378.0,9.254112,20.606215000000002,1.6277453333333334
2379.0,9.233627666666665,20.618488666666668,1.630439
2380.0,9.208530666666666,20.556631333333332,1.6695623333333334
2381.0,9.079225666666666,20.535484,1.621882
2382.0,9.119469333333333,20.445873000000002,1.6205183333333333
2383.0,9.162889999999999,20.595821666666666,1.6744093333333334
2384.0,9.277858666666667,20.60395166666667,1.6227686666666665
2385.0,9.172817,20.485337,1.6369253333333333
2386.0,9.160136666666666,20.425719333333333,1.6680053333333333
2387.0,9.300162333333335,20.691679,1.6263853333333333
2388.0,9.273418999999999,20.649348333333332,1.6225386666666666
2389.0,9.095256,20.406905666666667,1.6204049999999999
2390.0,9.036845666666666,20.487069666666667,1.6220353333333335
2391.0,9.197587333333333,20.561617666666667,1.628452
2392.0,9.285035,20.401891333333335,1.6268486666666666
2393.0,9.342002666666666,20.598838333333333,1.6223453333333333
2394.0,9.197194000000001,20.589908,1.6215719999999998
2395.0,9.108016666666666,20.536930333333334,1.6809793333333334
2396.0,9.033462,20.42807566666667,1.622882
2397.0,8.976431333333332,20.35556133333333,1.621412
2398.0,9.193237666666667,20.611112000000002,1.7824873333333333
2399.0,9.265041666666669,20.590275,1.6285083333333334
2400.0,9.327036333333334,20.662028666666668,1.6249120000000001
2401.0,9.312692,20.60784166666667,1.6227216666666668
2402.0,9.201131000000002,20.644992,1.6314286666666666
2403.0,9.159260666666666,20.357588000000003,1.6325690000000002
2404.0,9.184103666666665,20.641678666666667,1.6357753333333334
2405.0,9.182367333333334,20.58996133333333,1.6351153333333333
2406.0,9.219184333333333,20.61498466666667,1.7158966666666666
2407.0,9.075972666666667,20.452723000000002,1.6727726666666667
2408.0,9.065439,20.484819333333334,1.6195756666666667
2409.0,9.15217,20.56307766666667,1.6259453333333334
2410.0,9.293889,20.631848333333334,1.621029
2411.0,9.175173666666666,20.58116166666667,1.6250486666666666
2412.0,9.163190666666667,20.650402333333332,1.6703323333333333
2413.0,9.176987333333331,20.474606666666666,1.6328283333333335
2414.0,9.052592333333333,20.519907,1.6201453333333333
2415.0,8.960651,20.382921999999997,1.6248986666666667
2416.0,9.157946666666668,20.360111333333332,1.6270746666666664
2417.0,9.15209,20.489116666666668,1.6194986666666669
2418.0,9.219344999999999,20.518416666666667,1.6704896666666667
2419.0,9.175243666666667,20.392192,1.6364286666666665
2420.0,9.216488,20.632898333333333,1.6148383333333334
2421.0,9.103049333333333,20.564418,1.678846
2422.0,9.033688666666665,20.491466666666668,1.6245816666666666
2423.0,9.053065333333333,20.465529666666665,1.624332
2424.0,9.111673333333334,20.476659666666666,1.6338856666666668
2425.0,9.226087666666666,20.474909666666665,1.6355753333333334
2426.0,9.247344666666669,20.567284333333333,1.6326113333333332
2427.0,9.309726,20.533210333333333,1.6406186666666667
2428.0,9.272882000000001,20.601688,1.7022833333333336
2429.0,9.269258666666666,20.584830999999998,1.6263823333333332
2430.0,9.177733666666667,20.496543333333335,1.6685693333333333
2431.0,9.086679666666667,20.319214333333335,1.6267016666666667
2432.0,9.219727666666666,20.573663999999997,1.6730193333333334
2433.0,9.198503666666666,20.577417999999998,1.6271190000000002
2434.0,9.309439333333335,20.683576,1.631862
2435.0,9.217674,20.573567666666666,1.7163096666666666
2436.0,9.141143000000001,20.622581999999998,1.6225119999999997
2437.0,9.101683333333334,20.498303333333332,1.621475
2438.0,9.243548,20.547344,1.6297686666666669
2439.0,9.108389666666667,20.369718333333335,1.6345219999999998
2440.0,9.092216,20.544207666666665,1.6203286666666665
2441.0,9.035139,20.476876333333333,1.6286123333333336
2442.0,9.316489,20.721946666666668,1.6304616666666665
2443.0,9.041642,20.435962999999997,1.6217053333333336
2444.0,9.15019,20.416165666666668,1.6283716666666666
2445.0,9.071662666666667,20.50054,1.6297490000000001
2446.0,9.338656,20.654262333333335,1.7680136666666666
2447.0,9.323815999999999,20.651472000000002,1.6353823333333333
2448.0,9.271792,20.696279333333333,1.6340086666666664
2449.0,9.263561666666666,20.466766333333336,1.6192886666666668
2450.0,9.161947333333332,20.523683333333334,1.6184450000000001
2451.0,9.11686,20.59551433333333,1.708433
2452.0,9.051822333333334,20.49494266666667,1.6217783333333333
2453.0,9.187694333333335,20.472066333333334,1.633555333333333
2454.0,9.074575333333334,20.484746666666666,1.6213683333333335
2455.0,9.272268666666667,20.59889133333333,1.7083466666666667
2456.0,9.160907,20.448372666666668,1.6234950000000001
2457.0,9.091726333333334,20.44976266666667,1.6960426666666664
2458.0,9.011968000000001,20.399632,1.6511230000000001
2459.0,9.120826666666666,20.273533666666665,1.6302953333333334
2460.0,9.225197999999999,20.627635333333334,1.626645
2461.0,9.211917666666666,20.594981666666666,1.6254083333333333
2462.0,9.168864333333334,20.562884,1.6261223333333337
2463.0,9.211820666666666,20.514573666666667,1.6212353333333336
2464.0,9.251668333333333,20.610155000000002,1.628588333333333
2465.0,9.131353333333331,20.499643666666667,1.708796666666667
2466.0,9.060278666666667,20.48033966666667,1.6311756666666668
2467.0,9.094466333333333,20.434842333333336,1.6203356666666666
2468.0,8.990551333333334,20.356725333333333,1.6905726666666665
2469.0,8.964398333333333,20.313314333333334,1.631755
2470.0,9.094205666666666,20.502110000000002,1.6189886666666666
2471.0,9.195937666666666,20.535740666666666,1.630845
2472.0,9.340909666666667,20.59195766666667,1.6266953333333334
2473.0,9.424250666666667,20.660859,1.630502
2474.0,9.388260333333333,20.695276333333332,1.6239350000000001
2475.0,9.168237333333332,20.584741333333334,1.6207316666666667
2476.0,9.101530333333335,20.497356333333332,1.619375
2477.0,8.969180666666666,20.393302000000002,1.6232986666666667
2478.0,9.099143,20.490466666666666,1.6266716666666667
2479.0,9.244024666666666,20.662415333333332,1.6374756666666668
2480.0,9.384660333333334,20.682839333333334,1.633555
2481.0,9.440307333333335,20.605678,1.6948800000000002
2482.0,9.246538333333334,20.590021333333333,1.6247420000000001
2483.0,9.190340666666668,20.616105333333334,1.6310019999999998
2484.0,9.080029,20.120025333333334,1.6318046666666668
2485.0,9.198367333333334,20.536350333333335,1.6245556666666667
2486.0,9.140883666666667,20.58669466666667,1.6320553333333334
2487.0,9.177997333333334,20.449906,1.8102413333333331
2488.0,9.242748333333333,20.60657833333333,1.6285486666666669
2489.0,9.256695333333333,20.58274066666667,1.769744
2490.0,9.323579666666667,20.653268333333333,1.619072
2491.0,9.182564000000001,20.604021333333332,1.6292786666666668
2492.0,9.135780333333333,20.330827666666664,1.6375090000000003
2493.0,9.16974,20.558124,1.6282053333333335
2494.0,9.274152333333333,20.652995666666666,1.6283516666666669
2495.0,9.211218,20.468846666666668,1.6196683333333333
2496.0,9.232287666666666,20.636315,1.6249289999999998
2497.0,9.107626,20.407049,1.6424093333333334
2498.0,9.086739333333334,20.447422333333332,1.622529
2499.0,9.109543333333335,20.451279333333332,1.7123463333333333
2500.0,9.049785333333332,20.423946,1.628841666666667
2501.0,9.121519666666666,20.507286333333333,1.6345286666666665
2502.0,10.048459333333334,20.687605333333334,1.6342856666666667
2503.0,9.235034666666667,20.48380033333333,1.6237983333333332
2504.0,9.274855666666667,20.626958,1.6227886666666667
2505.0,9.257884666666667,20.67791933333333,1.6246186666666667
2506.0,9.230067666666667,20.338335,1.627305
2507.0,9.116013666666666,20.572367333333332,1.7051066666666668
2508.0,9.161616666666667,20.598928333333337,1.7803243333333334
2509.0,9.067065666666666,20.106448333333333,1.630872
2510.0,9.224368,20.633842,1.6259120000000002
2511.0,9.082756,20.525794,1.6187253333333331
2512.0,9.12676,20.540564,1.6374253333333335
2513.0,9.135763333333335,20.493857000000002,1.6286056666666668
2514.0,9.225578,20.555084333333333,1.6224420000000002
2515.0,9.078789,20.430308999999998,1.619252666666667
2516.0,9.210871333333333,20.335908,1.631749
2517.0,9.215734666666666,20.46665966666667,1.6267883333333335
2518.0,9.299585666666667,20.635752,1.6817163333333334
2519.0,9.293515000000001,20.664285333333336,1.6325990000000001
2520.0,9.113446666666666,20.44842266666667,1.6296119999999998
2521.0,9.104879666666667,20.473519666666665,1.6333253333333333
2522.0,9.144283666666668,20.473370000000003,1.6273619999999998
2523.0,9.232931333333333,20.596551333333334,1.629689
2524.0,9.351313333333335,20.524523333333335,1.6267153333333333
2525.0,9.312549333333331,20.675465666666668,1.632295
2526.0,9.13498,20.468776333333334,1.623825
2527.0,9.019985,20.449332666666667,1.6283223333333332
2528.0,8.981537666666666,20.375352,1.681596
2529.0,9.127719666666668,20.505636999999997,1.761764
2530.0,9.295145333333332,20.600635,1.6302083333333333
2531.0,9.341619,20.651392,1.7367670000000002
2532.0,9.164094,20.470823333333332,1.6294286666666666
2533.0,9.103046333333333,20.493990333333333,1.6190416666666667
2534.0,9.133866666666668,20.498853333333333,1.76998
2535.0,9.109846666666668,20.274410333333332,1.6234916666666666
2536.0,9.093955666666666,20.399231666666665,1.6295293333333334
2537.0,9.064272,20.288894,1.6356986666666666
2538.0,9.359953,20.659646,1.6403086666666666
2539.0,9.283711666666667,20.642078666666666,1.6279186666666667
2540.0,9.271396000000001,20.564667333333336,1.6283486666666667
2541.0,9.256298333333332,20.547104,1.631092
2542.0,9.166553333333333,20.499727,1.7986643333333332
2543.0,9.063736,20.21282933333333,1.7212233333333333
2544.0,9.142276333333333,20.468619666666665,1.6273053333333334
2545.0,9.136913333333334,20.295994,1.632005666666667
2546.0,9.264052,20.65215166666667,1.6267760000000002
2547.0,9.137506666666667,20.55104066666667,1.6973663333333333
2548.0,9.144509666666666,20.505640333333332,1.628132
2549.0,9.039288333333333,20.400382333333333,1.641612
2550.0,9.234344666666667,20.634738666666667,1.6431323333333332
2551.0,9.341876,20.66695233333333,1.6366186666666664
2552.0,9.314996,20.721293,1.6212013333333333
2553.0,9.245444333333333,20.552698,1.6384283333333334
2554.0,9.285706,20.621724666666665,1.6332623333333334
2555.0,9.161250333333333,20.374485333333336,1.644122
2556.0,9.326026333333333,20.632928333333332,1.711553333333333
2557.0,9.219451,20.386745666666666,1.640985
2558.0,9.366413,20.695729,1.6273986666666664
2559.0,9.359876666666667,20.633572,1.6245383333333334
2560.0,9.218841,20.658412333333334,1.6254423333333332
2561.0,9.111083333333333,20.464729333333334,1.6191853333333333
2562.0,9.043928666666666,20.509086999999997,1.6235053333333334
2563.0,9.041475333333333,20.377465333333333,1.6298716666666666
2564.0,9.091193333333335,20.423839,1.6329686666666665
2565.0,9.027042,20.272846666666666,1.6751896666666666
2566.0,9.081679333333334,20.496973,1.6329453333333335
2567.0,9.132419666666665,20.46372633333333,1.624392
2568.0,9.481021666666669,20.681182333333336,1.629715
2569.0,9.318778333333334,20.626968,1.6319489999999999
2570.0,9.186054333333333,20.549297666666664,1.6280253333333334
2571.0,9.149747,20.591081000000003,1.6296256666666666
2572.0,9.065212333333333,20.496220333333333,1.625791666666667
2573.0,9.059865666666667,20.429429,1.6293386666666667
2574.0,9.183627333333334,20.473643,1.6748326666666669
2575.0,9.201797333333333,20.498996666666667,1.6375056666666665
2576.0,9.358033333333333,20.62333166666667,1.6391219999999997
2577.0,9.289724999999999,20.700446333333336,1.622378
2578.0,9.304432333333333,20.782814,1.684933
2579.0,9.182674333333333,20.518626666666666,1.627179
2580.0,9.063418666666667,20.49984,1.621022
2581.0,8.981254999999999,20.319344333333333,1.632949
2582.0,8.943076666666668,20.354888,1.630122
2583.0,8.981807666666667,20.466606666666667,1.6398356666666667
2584.0,9.293273,20.567233666666663,1.641879
2585.0,9.39025,20.670553,1.678469
2586.0,9.277045333333334,20.550124,1.6317956666666669
2587.0,9.224241333333334,20.645365666666667,1.6356423333333334
2588.0,9.256794999999999,20.511656666666667,1.6425586666666667
2589.0,9.284532,20.628845000000002,1.6186983333333334
2590.0,9.209487333333334,20.582695,1.6262320000000001
2591.0,9.10736,20.547820666666667,1.6294986666666667
2592.0,9.157183666666667,20.481693333333332,1.6359853333333334
2593.0,9.106439333333332,20.416938666666667,1.630069
2594.0,9.176824333333334,20.527570333333333,1.713782666666667
2595.0,9.261528,20.623192,1.6322223333333332
2596.0,9.362073333333333,20.735626333333332,1.629368333333333
2597.0,9.252954666666666,20.609555,1.6341590000000001
2598.0,9.216330666666666,20.68617233333333,1.623882
2599.0,9.071935999999999,20.523250333333333,1.6267516666666666
2600.0,9.018078333333333,20.498209999999997,1.6224486666666669
2601.0,9.114076666666667,20.426165333333334,1.6315990000000002
2602.0,9.191977333333334,20.767480666666668,1.637999
2603.0,9.300695666666668,20.609514666666666,1.7175863333333332
2604.0,9.315129333333333,20.770436666666665,1.7031029999999998
2605.0,9.291622,20.687152333333334,1.6241953333333334
2606.0,9.181040666666668,20.423272333333333,1.6258786666666667
2607.0,9.192304,20.620275,1.6242349999999999
2608.0,9.114566333333334,20.630338666666667,1.6290753333333334
2609.0,9.306386000000002,20.623841666666667,1.6211983333333333
2610.0,9.152356666666668,20.581484666666668,1.7217096666666667
2611.0,9.150090333333333,20.49478,1.6317786666666665
2612.0,9.251791666666668,20.665165333333334,1.6273356666666665
2613.0,9.213047333333334,20.599034666666668,1.6434090000000001
2614.0,9.213008,20.551724000000004,1.6239486666666665
2615.0,9.177630333333333,20.560711333333334,1.637932
2616.0,9.141103333333334,20.533617333333332,1.6251883333333332
2617.0,9.216787666666667,20.605505,1.6260753333333333
2618.0,9.133393333333332,20.47196633333333,1.6254483333333336
2619.0,9.147794,20.59229433333333,1.6292386666666667
2620.0,9.253597666666668,20.553181,1.6363320000000001
2621.0,9.218024333333334,20.615634666666665,1.6247719999999999
2622.0,9.230564333333334,20.654512,1.638952
2623.0,9.150993666666666,20.586528,1.6295553333333332
2624.0,9.083796,20.624622000000002,1.6524226666666666
2625.0,9.056419,20.420972666666668,1.6276719999999998
2626.0,9.093213,20.489916333333337,1.6334890000000002
2627.0,9.242001666666665,20.621581333333335,1.634529
2628.0,9.368510333333333,20.719102666666668,1.627608333333333
2629.0,9.306939,20.732776333333334,1.618432
2630.0,9.286434999999999,20.73259966666667,1.6335823333333332
2631.0,9.192507666666666,20.640572000000002,1.6762656666666667
2632.0,9.140610333333333,20.600308000000002,1.6356286666666666
2633.0,9.014631666666668,20.450376,1.6247486666666668
2634.0,9.025335333333333,20.486466333333336,1.6291453333333334
2635.0,9.210941,20.606088333333332,1.6309986666666667
2636.0,9.384030333333333,20.693229333333335,1.6350923333333334
2637.0,9.309278666666666,20.698786000000002,1.7013466666666666
2638.0,9.326662666666666,20.698669666666667,1.6283453333333335
2639.0,9.229594333333333,20.737516333333332,1.637462
2640.0,9.110836333333333,20.586197666666667,1.629562
2641.0,8.978221333333334,20.408428,1.6339126666666666
2642.0,8.989081,20.454053000000002,1.6280153333333331
2643.0,9.250864666666667,20.599558333333334,1.6280356666666667
2644.0,9.293865666666667,20.552410666666667,1.636825
2645.0,9.272105666666667,20.701419333333334,1.6323423333333331
2646.0,9.356366000000001,20.81203066666667,1.629119
2647.0,9.245168,20.68311266666667,1.628732
2648.0,9.238291666666667,20.483802999999998,1.6849930000000002
2649.0,9.191743666666667,20.594438333333333,1.641159
2650.0,9.104973000000001,20.483822999999997,1.620925
2651.0,9.152937,20.516457,1.631125
2652.0,9.12634,20.563091,1.6276586666666668
2653.0,9.088502666666665,20.529187,1.625869
2654.0,9.104552666666669,20.551807,1.6985166666666667
2655.0,9.291699,20.72536666666667,1.6300653333333333
2656.0,9.253485,20.67153933333333,1.6321216666666665
2657.0,9.208827333333334,20.620495333333334,1.624345
2658.0,9.147207,20.53415733333333,1.6402116666666666
2659.0,9.261731333333332,20.657949000000002,1.6391056666666668
2660.0,9.183703999999999,20.503936666666668,1.6395520000000001
2661.0,9.095959333333333,20.564974333333335,1.6321753333333333
2662.0,9.296548666666666,20.709736666666668,1.6279486666666667
2663.0,9.335052666666668,20.697676333333334,1.7226896666666667
2664.0,9.154620000000001,20.389932,1.6299053333333333
2665.0,9.13069,20.513503333333333,1.622355
2666.0,9.063702,20.394198999999997,1.6871526666666667
2667.0,9.211810666666667,20.574047333333333,1.6360919999999999
2668.0,9.40558,20.777160666666664,1.6325726666666667
2669.0,9.341149333333334,20.76992733333333,1.6287853333333333
2670.0,9.292705333333332,20.704432666666666,111.89098366666667
2671.0,8.938084000000002,19.78119,1.6742996666666665
2672.0,9.330376,20.545654,1.6356223333333333
2673.0,9.319676,20.623728333333336,1.6311586666666666
2674.0,9.305646,20.675832333333332,1.631132
2675.0,9.221214666666667,20.625765,1.6225120000000002
2676.0,9.092696000000002,20.515930333333333,1.6221816666666669
2677.0,9.031309,20.42224566666667,1.71297
2678.0,9.060755333333333,20.379549,1.6322386666666666
2679.0,9.275548333333333,20.602455000000003,1.6371853333333333
2680.0,9.164203666666667,20.477483000000003,1.623902
2681.0,9.220588,20.559337666666668,1.6313356666666667
2682.0,9.205111,20.65352866666667,1.6310686666666665
2683.0,9.264092,20.64961866666667,1.6271719999999998
2684.0,9.231441333333334,20.57308433333333,1.6877496666666667
2685.0,9.101616666666667,20.528673333333334,1.628231666666667
2686.0,9.16003,20.576184666666666,1.622742
2687.0,9.066945333333333,20.487293333333334,1.6913790000000002
2688.0,9.098943,20.49891033333333,1.6240053333333335
2689.0,9.195783666666667,20.524767,1.6323483333333335
2690.0,9.174363666666666,20.50049,1.6382256666666668
2691.0,9.230195333333333,20.637344666666667,1.6321623333333333
2692.0,9.267001333333333,20.585631333333335,1.629145
2693.0,9.275745,20.636942,1.6292289999999998
2694.0,9.197764333333334,20.663022333333334,1.6283853333333334
2695.0,9.134409666666665,20.368151333333333,1.6308583333333333
2696.0,9.236738,20.663105666666667,1.6330256666666667
2697.0,9.242588,20.704396,1.7044730000000001
2698.0,9.13872,20.49533,1.6356053333333331
2699.0,9.086919666666667,20.417402,1.6325553333333334
2700.0,9.120159333333334,20.536204333333334,1.6849793333333334
2701.0,9.175654,20.591427666666668,1.630662
2702.0,9.232017333333333,20.608569000000003,1.6840993333333334
2703.0,9.296662666666666,20.660718666666664,1.6249423333333333
2704.0,9.220441,20.653409333333332,1.6250786666666668
2705.0,9.168776666666668,20.60697466666667,1.6377323333333333
2706.0,9.218514333333333,20.628651666666666,1.625272
2707.0,9.169133333333335,20.491540666666666,1.6247179999999999
2708.0,9.116283666666666,20.376691666666662,1.6272253333333333
2709.0,9.182927333333334,20.558220666666667,1.770954
2710.0,9.220114,20.621891666666667,1.624535
2711.0,9.134586666666666,20.558154333333334,1.6275453333333332
2712.0,9.211704666666668,20.545030999999998,1.6323856666666667
2713.0,9.207537666666667,20.589881333333334,1.6312053333333332
2714.0,9.218901,20.592984666666666,1.6311986666666665
2715.0,9.340283333333334,20.602194666666666,1.7677973333333334
2716.0,9.224767666666667,20.531287000000003,1.6282956666666666
2717.0,9.325385666666667,20.765120666666665,1.6303286666666665
2718.0,9.219371,20.642628666666667,1.6213253333333333
2719.0,9.182397,20.691089333333334,1.6250286666666665
2720.0,9.158923666666666,20.663952333333334,1.6255253333333333
2721.0,9.201867666666667,20.56268066666667,1.636299
2722.0,9.094942999999999,20.488576666666667,1.627872
2723.0,9.133773333333334,20.58696133333333,1.645766
2724.0,9.251298,20.612971666666667,1.7813276666666666
2725.0,9.284735666666668,20.624214666666663,1.682753
2726.0,9.183641000000001,20.614721333333335,1.6213556666666669
2727.0,9.170913666666666,20.578594666666664,1.6618293333333334
2728.0,9.171220666666668,20.649768666666663,1.6303453333333333
2729.0,9.184070666666665,20.57958066666667,1.629849
2730.0,9.084152666666666,20.50567366666667,1.6317086666666667
2731.0,9.121543333333333,20.619278333333334,1.6387186666666667
2732.0,9.313512333333334,20.673276,1.6309283333333333
2733.0,9.250005333333334,20.662329,1.8026676666666666
2734.0,9.208233666666667,20.622579,1.6325453333333335
2735.0,9.186030333333333,20.54566766666667,1.7323266666666666
2736.0,9.165980666666668,20.609505333333335,1.6754823333333333
2737.0,9.185843666666665,20.627842,1.6299919999999999
2738.0,9.153640333333334,20.593378,1.6319816666666667
2739.0,9.14709,20.529374,1.6795523333333335
2740.0,9.041369000000001,20.461102666666665,1.8301116666666666
2741.0,9.049672333333334,20.492423333333335,1.629005333333333
2742.0,9.121310000000001,20.479363,1.6314323333333334
2743.0,9.085196,20.350571333333335,1.6322683333333332
2744.0,9.196454000000001,20.62755866666667,1.6343523333333334
2745.0,9.194893666666665,20.596301666666665,1.6327016666666667
2746.0,9.146490666666667,20.557380666666667,1.6323656666666668
2747.0,9.10902,20.506699666666666,1.6282453333333333
2748.0,9.213887333333334,20.601885,1.6295656666666665
2749.0,9.207661,20.694179666666667,1.6810893333333334
2750.0,9.220181666666667,20.633588333333332,1.683436333333333
